B16_Schwager_Age_a_AD	B16_Schwager_Accmrate_we
1992	0.0534858
1991	0.142905
1990	0.105134
1989	0.111107
1988	0.0821586
1987	0.070763
1986	0.107247
1985	0.151359
1984	0.114967
1983	0.08271
1982	0.0795854
1981	0.0800449
1980	0.166431
1979	0.116529
1978	0.142721
1977	0.06433
1976	0.11947
1975	0.13785
1974	0.13785
1973	0.10109
1972	0.20218
1971	0.10109
1970	0.06433
1969	0.14704
1968	0.0919
1967	0.07352
1966	0.12866
1965	0.16542
1964	0.0919
1963	0.11947
1962	0.11028
1961	0.12866
1960	0.16542
1959	0.12866
1958	0.15623
1957	0.08271
1956	0.12866
1955	0.05514
1954	0.16542
1953	0.13785
1952	0.19299
1951	0.06433
1950	0.06433
1949	0.06433
1948	0.05514
1947	0.11028
1946	0.07352
1945	0.10109
1944	0.13785
1943	0.12866
1942	0.13785
1941	0.05514
1940	0.19299
1939	0.12866
1938	0.12866
1937	0.20218
1936	0.17461
1935	0.12866
1934	0.13785
1933	0.12866
1932	0.12866
1931	0.13785
1930	0.07352
1929	0.06433
1928	0.12866
1927	0.12866
1926	0.11947
1925	0.14704
1924	0.14704
1923	0.0919
1922	0.0919
1921	0.15623
1920	0.13785
1919	0.13785
1918	0.13785
1917	0.10109
1916	0.11947
1915	0.12866
1914	0.22056
1913	0.16542
1912	0.19299
1911	0.20218
1910	0.14704
1909	0.10109
1908	0.12866
1907	0.15623
1906	0.0919
1905	0.15623
1904	0.0919
1903	0.11947
1902	0.14704
1901	0.11028
1900	0.14704
1899	0.15623
1898	0.11028
1897	0.13785
1896	0.11947
1895	0.15623
1894	0.13785
1893	0.13785
1892	0.12866
1891	0.11947
1890	0.0919
1889	0.16542
1888	0.13785
1887	0.12866
1886	0.12866
1885	0.15623
1884	0.13785
1883	0.11028
1882	0.11947
1881	0.11028
1880	0.11028
1879	0.13785
1878	0.16542
1877	0.11947
1876	0.17461
1875	0.11028
1874	0.11947
1873	0.10109
1872	0.13785
1871	0.12866
1870	0.16542
1869	0.10109
1868	0.11947
1867	0.11947
1866	0.13785
1865	0.08271
1864	0.16542
1863	0.11028
1862	0.13785
1861	0.12866
1860	0.17461
1859	0.11947
1858	0.12866
1857	0.11947
1856	0.11028
1855	0.16542
1854	0.0919
1853	0.17461
1852	0.11947
1851	0.12866
1850	0.16542
1849	0.0919
1848	0.16542
1847	0.13785
1846	0.11947
1845	0.13785
1844	0.11028
1843	0.13785
1842	0.06433
1841	0.11947
1840	0.12866
1839	0.15623
1838	0.11028
1837	0.11947
1836	0.15623
1835	0.11028
1834	0.13785
1833	0.11947
1832	0.17461
1831	0.08271
1830	0.1838
1829	0.11947
1828	0.11947
1827	0.19299
1826	0.14704
1825	0.15623
1824	0.0919
1823	0.13785
1822	0.15623
1821	0.11947
1820	0.13785
1819	0.11947
1818	0.13785
1817	0.10109
1816	0.11028
1815	0.1838
1814	0.11947
1813	0.08271
1812	0.14704
1811	0.12866
1810	0.13785
1809	0.11028
1808	0.13785
1807	0.16542
1806	0.11028
1805	0.11028
1804	0.15623
1803	0.16542
1802	0.11947
1801	0.12866
1800	0.12866
1799	0.15623
1798	0.11947
1797	0.12866
1796	0.11947
1795	0.15623
1794	0.13785
1793	0.13785
1792	0.10109
1791	0.13785
1790	0.11947
1789	0.10109
1788	0.13785
1787	0.12866
1786	0.13785
1785	0.11947
1784	0.14704
1783	0.07352
1782	0.08271
1781	0.0919
1780	0.14704
1779	0.13785
1778	0.12866
1777	0.11947
1776	0.11947
1775	0.15623
1774	0.0919
1773	0.20218
1772	0.13785
1771	0.11028
1770	0.12866
1769	0.12866
1768	0.16542
1767	0.11028
1766	0.10109
1765	0.04595
1764	0.12866
1763	0.10109
1762	0.11947
1761	0.11947
1760	0.15623
1759	0.07352
1758	0.13785
1757	0.17461
1756	0.0919
1755	0.11947
1754	0.11028
1753	0.15623
1752	0.12866
1751	0.11028
1750	0.11947
1749	0.13785
1748	0.14704
1747	0.12866
1746	0.12866
1745	0.13785
1744	0.11028
1743	0.12866
1742	0.21137
1741	0.10109
1740	0.11947
1739	0.1838
1738	0.21137
1737	0.15623
1736	0.11947
1735	0.15623
1734	0.11947
1733	0.16542
1732	0.11028
1731	0.11028
1730	0.14704
1729	0.13785
1728	0.13785
1727	0.13785
1726	0.1838
1725	0.11028
1724	0.14704
1723	0.15623
1722	0.12866
1721	0.08271
1720	0.14704
1719	0.11947
1718	0.13785
1717	0.1838
1716	0.0919
1715	0.0919
1714	0.12866
1713	0.12866
1712	0.07352
1711	0.0919
1710	0.14704
1709	0.14704
1708	0.1838
1707	0.0919
1706	0.1838
1705	0.0919
1704	0.10109
1703	0.11028
1702	0.12866
1701	0.17461
1700	0.08271
1699	0.15623
1698	0.13785
1697	0.13785
1696	0.11028
1695	0.13785
1694	0.13785
1693	0.13785
1692	0.13785
1691	0.24813
1690	0.11947
1689	0.17461
1688	0.11947
1687	0.11947
1686	0.16542
1685	0.11028
1684	0.14704
1683	0.12866
1682	0.15623
1681	0.14704
1680	0.12866
1679	0.17461
1678	0.10109
1677	0.10109
1676	0.1838
1675	0.11947
1674	0.16542
1673	0.12866
1672	0.11028
1671	0.17461
1670	0.11947
1669	0.08271
1668	0.14704
1667	0.14704
1666	0.16542
1665	0.1838
1664	0.11028
1663	0.12866
1662	0.16542
1661	0.11028
1660	0.11947
1659	0.11947
1658	0.15623
1657	0.14704
1656	0.13785
1655	0.16542
1654	0.12866
1653	0.0919
1652	0.13785
1651	0.13785
1650	0.16542
1649	0.0919
1648	0.11028
1647	0.17461
1646	0.20218
1645	0.11028
1644	0.13785
1643	0.0919
1642	0.12866
1641	0.07352
1640	0.17461
1639	0.11947
1638	0.11028
1637	0.11947
1636	0.08271
1635	0.0919
1634	0.10109
1633	0.11028
1632	0.11947
1631	0.13785
1630	0.14704
1629	0.12866
1628	0.11947
1627	0.11947
1626	0.14704
1625	0.14704
1624	0.12866
1623	0.11028
1622	0.22975
1621	0.0919
1620	0.11028
1619	0.12866
1618	0.11028
1617	0.11947
1616	0.11947
1615	0.14704
1614	0.0919
1613	0.17461
1612	0.16542
1611	0.11028
1610	0.23894
1609	0.1838
1608	0.12866
1607	0.06433
1606	0.14704
1605	0.12866
1604	0.15623
1603	0.06433
1602	0.15623
1601	0.0919
1600	0.11028
1599	0.11028
1598	0.0919
1597	0.11947
1596	0.15623
1595	0.17461
1594	0.14704
1593	0.14704
1592	0.14704
1591	0.13785
1590	0.11028
1589	0.21137
1588	0.08271
1587	0.16542
1586	0.12866
1585	0.15623
1584	0.22975
1583	0.13785
1582	0.15623
1581	0.11028
1580	0.16542
1579	0.06433
1578	0.0919
1577	0.07352
1576	0.0919
1575	0.13785
1574	0.13785
1573	0.11947
1572	0.11947
1571	0.15623
1570	0.11947
1569	0.1838
1568	0.11028
1567	0.16542
1566	0.13785
1565	0.12866
1564	0.15623
1563	0.15623
1562	0.12866
1561	0.13785
1560	0.12866
1559	0.10109
1558	0.17461
1557	0.11028
1556	0.13785
1555	0.10109
1554	0.13785
1553	0.07352
1552	0.06433
1551	0.12866
1550	0.11947
1549	0.13785
1548	0.15623
1547	0.14704
1546	0.10109
1545	0.12866
1544	0.13785
1543	0.19299
1542	0.22975
1541	0.1838
1540	0.10109
1539	0.13785
1538	0.13785
1537	0.13785
1536	0.14704
1535	0.11947
1534	0.14704
1533	0.11947
1532	0.13785
1531	0.14704
1530	0.15623
1529	0.11947
1528	0.12866
1527	0.10109
1526	0.1838
1525	0.11947
1524	0.0919
1523	0.13785
1522	0.11028
1521	0.12866
1520	0.12866
1519	0.05514
1518	0.07352
1517	0.13785
1516	0.11028
1515	0.13785
1514	0.11028
1513	0.15623
1512	0.07352
1511	0.1838
1510	0.15623
1509	0.16542
1508	0.11028
1507	0.16542
1506	0.0919
1505	0.14704
1504	0.12866
1503	0.11028
1502	0.10109
1501	0.11028
1500	0.20218
1499	0.1838
1498	0.1838
1497	0.17461
1496	0.22975
1495	0.16542
1494	0.13785
1493	0.11028
1492	0.13785
1491	0.19299
1490	0.07352
1489	0.15623
1488	0.11028
1487	0.15623
1486	0.15623
1485	0.17461
1484	0.12866
1483	0.21137
1482	0.11947
1481	0.16542
1480	0.11028
1479	0.14704
1478	0.0919
