B26_Schwager_Age__a_AD_	B26_Schwager_Accmrate_we
1994	0.136288
1993	0.0917162
1992	0.212013
1991	0.167993
1990	0.177367
1989	0.120205
1988	0.221571
1987	0.162112
1986	0.105869
1985	0.167717
1984	0.0913486
1983	0.121951
1982	0.090062
1981	0.158619
1980	0.104215
1979	0.176264
1978	0.157884
1977	0.176908
1976	0.171669
1975	0.203742
1974	0.208613
1973	0.138585
1972	0.15283
1971	0.115978
1970	0.147224
1969	0.151359
1968	0.169647
1967	0.137299
1966	0.0821586
1965	0.167166
1964	0.160825
1963	0.167442
1962	0.132336
1961	0.108074
1960	0.117632
1959	0.168912
1958	0.175529
1957	0.13252
1956	0.158527
1955	0.0989763
1954	0.124341
1953	0.158711
1952	0.0847318
1951	0.104215
1950	0.167074
1949	0.146764
1948	0.171577
1947	0.122503
1946	0.107707
1945	0.174059
1944	0.235815
1943	0.236367
1942	0.240594
1941	0.252725
1940	0.216057
1939	0.203099
1938	0.113037
1937	0.238481
1936	0.189498
1935	0.233058
1934	0.239675
1933	0.137023
1932	0.139412
1931	0.207694
1930	0.249784
1929	0.218998
1928	0.212565
1927	0.177183
1926	0.219182
1925	0.298767
1924	0.187568
1923	0.164133
1922	0.198688
1921	0.184443
1920	0.160549
1919	0.16588
1918	0.167534
1917	0.169647
1916	0.187476
1915	0.268348
1914	0.193909
1913	0.140515
1912	0.146121
1911	0.141067
1910	0.118643
1909	0.146856
1908	0.169831
1907	0.111475
1906	0.141434
1905	0.147775
1904	0.17994
1903	0.154208
1902	0.166707
1901	0.146581
1900	0.146397
1899	0.131785
1898	0.115886
1897	0.133347
1896	0.140883
1895	0.18913
1894	0.16588
1893	0.130314
1892	0.0797692
1891	0.129028
1890	0.219917
1889	0.252725
1888	0.155679
1887	0.168453
1886	0.17847
1885	0.190692
1884	0.170291
1883	0.182697
1882	0.207143
1881	0.220836
1880	0.156873
1879	0.144651
1878	0.203742
1877	0.1838
1876	0.174059
1875	0.171302
1874	0.184168
1873	0.176632
1872	0.222766
1871	0.101825
1870	0.155862
1869	0.231129
1868	0.188671
1867	0.161744
1866	0.110188
1865	0.19299
1864	0.183708
1863	0.147775
1862	0.193174
1861	0.218906
1860	0.176724
1859	0.224052
1858	0.233886
1857	0.251898
1856	0.118735
1855	0.179205
1854	0.159446
1853	0.205672
1852	0.133071
1851	0.206224
1850	0.267613
1849	0.146305
1848	0.16156
1847	0.214678
1846	0.182513
1845	0.136471
1844	0.142905
1843	0.196023
1842	0.148419
1841	0.146764
1840	0.110004
1839	0.239308
1838	0.145386
1837	0.118459
1836	0.198596
1835	0.129947
1834	0.164225
1833	0.131417
1832	0.129671
1831	0.149062
1830	0.178837
1829	0.199791
1828	0.139045
1827	0.199239
1826	0.200893
1825	0.159079
1824	0.171761
1823	0.174059
1822	0.138769
1821	0.172956
1820	0.116897
1819	0.110004
1818	0.196758
1817	0.153841
1816	0.230669
1815	0.132704
1814	0.175529
1813	0.199147
1812	0.162663
1811	0.184627
1810	0.128201
1809	0.21183
1808	0.208245
1807	0.186189
1806	0.19639
1805	0.146948
1804	0.213851
1803	0.248222
1802	0.143548
1801	0.166339
1800	0.201261
1799	0.0872131
1798	0.1872
1797	0.165144
1796	0.152003
1795	0.145845
1794	0.12912
1793	0.10063
1792	0.161193
1791	0.11028
1790	0.167258
1789	0.169739
1788	0.161836
1787	0.225155
1786	0.204202
1785	0.161928
1784	0.243351
1783	0.197493
1782	0.240594
1781	0.176724
1780	0.191887
1779	0.158436
1778	0.11074
1777	0.25006
1776	0.109269
1775	0.161101
1774	0.179665
1773	0.116621
1772	0.228372
1771	0.140975
1770	0.145845
1769	0.215322
1768	0.211186
1767	0.198872
1766	0.205213
1765	0.147132
1764	0.119378
1763	0.0904296
1762	0.150165
1761	0.0895106
1760	0.211738
1759	0.171853
1758	0.216149
1757	0.148602
1756	0.142077
1755	0.119286
1754	0.141158
1753	0.158619
1752	0.143456
1751	0.159263
1750	0.235632
1749	0.217987
1748	0.106053
1747	0.159263
1746	0.188119
1745	0.13638
1744	0.159722
1743	0.204845
1742	0.130039
1741	0.196758
1740	0.238205
1739	0.181411
1738	0.17461
1737	0.143732
1736	0.174518
1735	0.144651
1734	0.230118
1733	0.205397
1732	0.136747
1731	0.153381
1730	0.169372
1729	0.16202
1728	0.199515
1727	0.146121
1726	0.176448
1725	0.184903
1724	0.162204
1723	0.160733
1722	0.131693
1721	0.154852
1720	0.147408
1719	0.170566
1718	0.139412
1717	0.201169
1716	0.131968
1715	0.124065
1714	0.2167
1713	0.177275
1712	0.0931866
1711	0.147316
1710	0.140056
1709	0.179389
1708	0.117448
1707	0.141434
1706	0.163582
1705	0.164409
1704	0.117724
1703	0.157241
1702	0.14125
1701	0.0941056
1700	0.157241
1699	0.147132
1698	0.140607
1697	0.172037
1696	0.125076
1695	0.155495
1694	0.12526
1693	0.188119
1692	0.140607
1691	0.164685
1690	0.187752
1689	0.148602
1688	0.140975
1687	0.0943813
1686	0.157792
1685	0.157609
1684	0.126179
1683	0.219825
1682	0.181135
1681	0.150165
1680	0.196666
1679	0.166615
1678	0.213208
1677	0.126822
1676	0.134909
1675	0.269818
1674	0.269818
1673	0.20558
1672	0.211646
1671	0.11028
1670	0.159538
1669	0.175161
1668	0.175161
1667	0.127373
1666	0.118643
1665	0.199423
1664	0.206407
1663	0.119746
1662	0.199239
1661	0.18233
1660	0.191244
1659	0.134266
1658	0.095576
1657	0.206775
1656	0.150808
1655	0.247487
1654	0.199331
1653	0.136196
1652	0.16735
1651	0.206407
1650	0.1838
1649	0.200066
1648	0.168269
1647	0.183616
1646	0.136563
1645	0.176448
1644	0.120389
1643	0.112853
1642	0.200526
1641	0.151727
1640	0.154392
1639	0.164777
1638	0.184351
1637	0.135828
1636	0.15237
1635	0.248406
1634	0.136655
1633	0.209073
1632	0.136196
1631	0.160641
1630	0.144834
1629	0.153105
1628	0.23361
1627	0.160365
1626	0.201353
1625	0.169647
1624	0.144651
1623	0.200893
1622	0.17608
1621	0.120665
1620	0.160733
1619	0.0723253
1618	0.120389
1617	0.16882
1616	0.136839
1615	0.186006
1614	0.153657
1613	0.112577
1612	0.137023
1611	0.120757
1610	0.153289
1609	0.161468
1608	0.129395
1607	0.177918
1606	0.136288
1605	0.18426
1604	0.168177
1603	0.112761
1602	0.121216
1601	0.226074
1600	0.209348
1599	0.170199
1598	0.153565
1597	0.145753
1596	0.137666
1595	0.145753
1594	0.153933
1593	0.153933
1592	0.250795
1591	0.145661
1590	0.16156
1589	0.1214
1588	0.121032
1587	0.112945
1586	0.162387
1585	0.19446
1584	0.137758
1583	0.202823
1582	0.145753
1581	0.121584
1580	0.137115
1579	0.227453
1578	0.162479
1577	0.162939
1576	0.11368
1575	0.113405
1574	0.105685
1573	0.138218
1572	0.179297
1571	0.179297
1570	0.218814
1569	0.1543
1568	0.138126
1567	0.138034
1566	0.154484
1565	0.235907
1564	0.20411
1563	0.212381
1562	0.195655
1561	0.121951
1560	0.162663
1559	0.1543
1558	0.178929
1557	0.162939
1556	0.105961
1555	0.146672
1554	0.212105
1553	0.146397
1552	0.162755
1551	0.138953
1550	0.14704
1549	0.172037
1548	0.155403
1547	0.163398
1546	0.138585
1545	0.179205
1544	0.139045
1543	0.130958
1542	0.229382
1541	0.147316
1540	0.139596
1539	0.188579
1538	0.155862
1537	0.147775
1536	0.164501
1535	0.147959
1534	0.139964
1533	0.148143
1532	0.139504
1531	0.164042
1530	0.106696
1529	0.180675
1528	0.131601
1527	0.205213
1526	0.180492
1525	0.180675
1524	0.164133
1523	0.139504
1522	0.131141
1521	0.156046
1520	0.17268
1519	0.147867
1518	0.147683
1517	0.147591
1516	0.147867
1515	0.139596
1514	0.106604
1513	0.212932
1512	0.170015
1511	0.155495
1510	0.131141
1509	0.189406
1508	0.164593
1507	0.164869
1506	0.115518
1505	0.181043
1504	0.172037
1503	0.188763
1502	0.204478
