B29_Schwager_Age_a_AD_	B29_Schwager_Accmrate_we
1994	0.166339
1993	0.135093
1992	0.13785
1991	0.118551
1990	0.086386
1989	0.143364
1988	0.134174
1987	0.136931
1986	0.134174
1985	0.164501
1984	0.155311
1983	0.078115
1982	0.115794
1981	0.147959
1980	0.116713
1979	0.107523
1978	0.157149
1977	0.113956
1976	0.163582
1975	0.166339
1974	0.143364
1973	0.135093
1972	0.129579
1971	0.167258
1970	0.126822
1969	0.123146
1968	0.131417
1967	0.170934
1966	0.133255
1965	0.135093
1964	0.120389
1963	0.136931
1962	0.105685
1961	0.136931
1960	0.123146
1959	0.134174
1958	0.106604
1957	0.13785
1956	0.141526
1955	0.175529
1954	0.176448
1953	0.160825
1952	0.150716
1951	0.13785
1950	0.088224
1949	0.097414
1948	0.176448
1947	0.090062
1946	0.140607
1945	0.182881
1944	0.113956
1943	0.085467
1942	0.13785
1941	0.158068
1940	0.146121
1939	0.177367
1938	0.133255
1937	0.154392
1936	0.120389
1935	0.10109
1934	0.169096
1933	0.186557
1932	0.145202
1931	0.1838
1930	0.157149
1929	0.115794
1928	0.190233
1927	0.135093
1926	0.114875
1925	0.14704
1924	0.092819
1923	0.136012
1922	0.124065
1921	0.124984
1920	0.120389
1919	0.133255
1918	0.102009
1917	0.127741
1916	0.175529
1915	0.16542
1914	0.127741
1913	0.15623
1912	0.158068
1911	0.127741
1910	0.0919
1909	0.123146
1908	0.133255
1907	0.224236
1906	0.151635
1905	0.147959
1904	0.092819
1903	0.148878
1902	0.124065
1901	0.142445
1900	0.094657
1899	0.118551
1898	0.121308
1897	0.124065
1896	0.178286
1895	0.150716
1894	0.133255
1893	0.173691
1892	0.153473
1891	0.168177
1890	0.097414
1889	0.146121
1888	0.141526
1887	0.142445
1886	0.171853
1885	0.158068
1884	0.158987
1883	0.113956
1882	0.096495
1881	0.159906
1880	0.146121
1879	0.160825
1878	0.231588
1877	0.125903
1876	0.185638
1875	0.143364
1874	0.179205
1873	0.16542
1872	0.117632
1871	0.088224
1870	0.170934
1869	0.109361
1868	0.124984
1867	0.151635
1866	0.16542
1865	0.118551
1864	0.134174
1863	0.150716
1862	0.15623
1861	0.122227
1860	0.177367
1859	0.159906
1858	0.124065
1857	0.15623
1856	0.141526
1855	0.158068
1854	0.135093
1853	0.146121
1852	0.188395
1851	0.150716
1850	0.115794
1849	0.163582
1848	0.148878
1847	0.112118
1846	0.146121
1845	0.178286
1844	0.112118
1843	0.135093
1842	0.135093
1841	0.109361
1840	0.11028
1839	0.145202
1838	0.212289
1837	0.107523
1836	0.112118
1835	0.120389
1834	0.178286
1833	0.139688
1832	0.130498
1831	0.129579
1830	0.143364
1829	0.194828
1828	0.123146
1827	0.144283
1826	0.184719
1825	0.157149
1824	0.118551
1823	0.132336
1822	0.135093
1821	0.104766
1820	0.172772
1819	0.098333
1818	0.111199
1817	0.102009
1816	0.141526
1815	0.094657
1814	0.148878
1813	0.117632
1812	0.149797
1811	0.181962
1810	0.150716
1809	0.123146
1808	0.13785
1807	0.182881
1806	0.108442
1805	0.142445
1804	0.188395
1803	0.208613
1802	0.135093
1801	0.142445
1800	0.116713
1799	0.17461
1798	0.094657
1797	0.150716
1796	0.151635
1795	0.144283
1794	0.15623
1793	0.124065
1792	0.14704
1791	0.17461
1790	0.088224
1789	0.144283
1788	0.152554
1787	0.167258
1786	0.170015
1785	0.177367
1784	0.184719
1783	0.093738
1782	0.11947
1781	0.126822
1780	0.107523
1779	0.160825
1778	0.129579
1777	0.111199
1776	0.127741
1775	0.148878
1774	0.144283
1773	0.122227
1772	0.131417
1771	0.148878
1770	0.113037
1769	0.188395
1768	0.136012
1767	0.10109
1766	0.180124
1765	0.118551
1764	0.163582
1763	0.167258
1762	0.115794
1761	0.124984
1760	0.126822
1759	0.146121
1758	0.168177
1757	0.151635
1756	0.087305
1755	0.142445
1754	0.094657
1753	0.178286
1752	0.201261
1751	0.182881
1750	0.131417
1749	0.100171
1748	0.178286
1747	0.11947
1746	0.145202
1745	0.200342
1744	0.113956
1743	0.103847
1742	0.133255
1741	0.116713
1740	0.160825
1739	0.129579
1738	0.170015
1737	0.113956
1736	0.114875
1735	0.116713
1734	0.08271
1733	0.136012
1732	0.173691
1731	0.069844
1730	0.102928
1729	0.150716
1728	0.131417
1727	0.181962
1726	0.115794
1725	0.135093
1724	0.162663
1723	0.12866
1722	0.089143
1721	0.195747
1720	0.085467
1719	0.136012
1718	0.106604
1717	0.135093
1716	0.150716
1715	0.1838
1714	0.127741
1713	0.102928
1712	0.147959
1711	0.158987
1710	0.139688
1709	0.126822
1708	0.133255
1707	0.147959
1706	0.090981
1705	0.095576
1704	0.131417
1703	0.160825
1702	0.087305
1701	0.16542
1700	0.146121
1699	0.099252
1698	0.154392
1697	0.11947
1696	0.157149
1695	0.123146
1694	0.14704
1693	0.168177
1692	0.206775
1691	0.113956
1690	0.153473
1689	0.129579
1688	0.151635
1687	0.10109
1686	0.104766
1685	0.112118
1684	0.143364
1683	0.167258
1682	0.158987
1681	0.134174
1680	0.162663
1679	0.130498
1678	0.147959
1677	0.148878
1676	0.117632
1675	0.16542
1674	0.141526
1673	0.092819
1672	0.222398
1671	0.14704
1670	0.149797
1669	0.102009
1668	0.145202
1667	0.116713
1666	0.106604
1665	0.166339
1664	0.122227
1663	0.136012
1662	0.113037
1661	0.148878
1660	0.135093
1659	0.092819
1658	0.166339
1657	0.122227
1656	0.122227
1655	0.17461
1654	0.130498
1653	0.145202
1652	0.127741
1651	0.139688
1650	0.114875
1649	0.124065
1648	0.190233
1647	0.114875
1646	0.177367
1645	0.124984
1644	0.15623
1643	0.106604
1642	0.151635
1641	0.116713
1640	0.089143
1639	0.177367
1638	0.132336
1637	0.158068
1636	0.13785
1635	0.133255
1634	0.11028
1633	0.123146
1632	0.145202
1631	0.172772
1630	0.147959
1629	0.104766
1628	0.172772
1627	0.124065
1626	0.134174
1625	0.129579
1624	0.123146
1623	0.164501
1622	0.169096
1621	0.106604
1620	0.12866
1619	0.124065
1618	0.145202
1617	0.153473
1616	0.149797
1615	0.153473
1614	0.115794
1613	0.090062
1612	0.124065
1611	0.151635
1610	0.11947
1609	0.184719
1608	0.149797
1607	0.120389
1606	0.158068
1605	0.109361
1604	0.150716
1603	0.133255
1602	0.181962
1601	0.117632
1600	0.11947
1599	0.124984
1598	0.171853
1597	0.155311
1596	0.240778
1595	0.207694
1594	0.131417
1593	0.15623
1592	0.270186
1591	0.127741
1590	0.184719
1589	0.160825
1588	0.19299
1587	0.130498
1586	0.160825
1585	0.126822
1584	0.090062
1583	0.129579
1582	0.225155
1581	0.11028
1580	0.16542
1579	0.135093
1578	0.184719
1577	0.099252
1576	0.114875
1575	0.136012
1574	0.115794
1573	0.150716
1572	0.181043
1571	0.120389
1570	0.146121
1569	0.139688
1568	0.127741
1567	0.117632
1566	0.144283
1565	0.120389
1564	0.158068
1563	0.15623
1562	0.144283
1561	0.151635
1560	0.132336
1559	0.125903
1558	0.080872
1557	0.120389
1556	0.162663
1555	0.167258
1554	0.116713
1553	0.135093
1552	0.132336
1551	0.158068
1550	0.166339
1549	0.148878
1548	0.103847
1547	0.22056
1546	0.155311
1545	0.17461
1544	0.164501
1543	0.168177
1542	0.127741
1541	0.121308
1540	0.120389
1539	0.100171
1538	0.215965
1537	0.140607
1536	0.123146
1535	0.136012
1534	0.127741
1533	0.150716
1532	0.178286
1531	0.089143
1530	0.141526
1529	0.127741
1528	0.215046
1527	0.115794
1526	0.116713
1525	0.099252
1524	0.152554
1523	0.131417
1522	0.084548
1521	0.131417
1520	0.131417
1519	0.151635
1518	0.111199
1517	0.17461
1516	0.142445
1515	0.145202
1514	0.164501
1513	0.140607
1512	0.112118
1511	0.123146
1510	0.147959
1509	0.132336
1508	0.147959
1507	0.135093
1506	0.131417
1505	0.12866
1504	0.136012
1503	0.163582
1502	0.170934
1501	0.131417
1500	0.120389
1499	0.103847
1498	0.0919
1497	0.16542
1496	0.140607
1495	0.112118
1494	0.12866
1493	0.115794
1492	0.139688
1491	0.133255
1490	0.181962
1489	0.213208
1488	0.1838
1487	0.090062
1486	0.107523
1485	0.084548
1484	0.118551
1483	0.125903
1482	0.148878
1481	0.136012
1480	0.150716
1479	0.099252
1478	0.124065
1477	0.173691
