B21_2012 depth (m) center	B21_2012 d18O (permil)
0.01078945	-39.428749
0.03236835	-39.715248
0.05394725	-39.653751
0.07552615	-39.070251
0.09710505	-37.834999
0.11868395	-35.540501
0.14026285	-32.299
0.16184175	-30.802
0.18342065	-30.19475
0.20499955	-30.125999
0.22657845	-30.720501
0.24815735	-30.0135
0.26973625	-29.39175
0.29131515	-27.576
0.31289405	-26.782001
0.33447295	-27.45125
0.35605185	-27.57
0.37763075	-28.734499
0.39920965	-29.679001
0.42078855	-31.095249
0.44236745	-31.950748
0.46394635	-31.348999
0.48552525	-31.9445
0.50710415	-31.637501
0.52868305	-32.501499
0.55026195	-32.56575
0.57184085	-31.521
0.59341975	-31.321751
0.61499865	-31.58325
0.63657755	-31.7675
0.65815645	-33.113503
0.67973535	-33.016251
0.70131425	-33.901749
0.72289315	-33.540253
0.74447205	-33.818249
0.76605095	-33.751751
0.78762985	-34.981251
0.80920875	-35.055248
0.836	-32.868
0.884	-32.657749
0.908	-33.259251
0.932	-33.784752
0.956	-34.310501
0.956	-34.199501
0.98	-34.622002
1.004	-34.528999
1.028	-33.925751
1.052	-32.285999
1.076	-31.4485
1.1	-30.86525
1.124	-30.6695
1.148	-31.367001
1.172	-33.14875
1.196	-34.582748
1.22	-35.70425
1.244	-36.924252
1.268	-37.723499
1.292	-38.074501
1.316	-38.065498
1.34	-37.742001
1.364	-37.308502
1.37	-36.887001
1.39	-36.352749
1.41	-35.923752
1.43	-35.42775
1.45	-34.68475
1.47	-33.66275
1.49	-32.60025
1.51	-32.008251
1.53	-31.271
1.55	-30.848
1.57	-30.306
1.59	-30.115749
1.61	-30.398001
1.63	-31.63975
1.65	-32.6745
1.67	-33.341751
1.69	-34.653252
1.71	-35.288498
1.73	-35.94025
1.75	-36.549999
1.77	-36.9655
1.79	-37.143501
1.81	-36.980247
1.83	-36.5425
1.85	-35.959251
1.87	-35.316002
1.89	-34.218498
1.91	-33.503502
1.93	-32.796749
1.95	-32.130001
1.97	-32.087498
1.99	-32.102249
2.01173913	-33.192249
2.03347826	-32.9235
2.05521739	-32.762749
2.07695652	-32.7775
2.09869565	-32.444748
2.12043478	-32.2495
2.14217391	-32.551498
2.163752857	-31.866501
2.185491987	-32.480751
2.207231117	-32.781998
2.228970247	-32.926998
2.250709377	-32.874249
2.272448507	-33.277752
2.294187637	-33.06675
2.315926767	-33.364502
2.337665897	-32.708
2.359405027	-33.007
2.381144157	-32.73225
2.402883287	-32.970749
2.424622417	-32.888248
2.446361547	-33.367752
2.468100677	-32.747749
2.489839807	-33.329498
2.511578937	-33.053501
2.533318067	-33.938999
2.555057197	-34.216
2.576796327	-34.222
2.598535457	-34.209
2.620274587	-33.87875
2.642013717	-34.124748
2.663752847	-33.31675
2.685491977	-33.369247
2.707231107	-33.100498
2.728970237	-32.826
2.750709367	-33.0065
2.772448497	-33.337997
2.794187627	-33.24675
2.815926757	-33.821999
2.837665887	-34.249001
2.859405017	-35.37225
2.881144147	-36.081001
2.902883277	-36.707249
2.924622407	-36.924248
2.946361537	-37.18
2.968100667	-37.0825
2.989839797	-37.235748
3.011578927	-35.4175
3.033318057	-35.34425
3.055057187	-34.715
3.076796317	-34.251251
3.098535447	-33.734249
3.120274577	-33.291748
3.142013707	-32.64175
3.163752837	-32.061249
3.185491967	-31.759001
3.207231097	-31.5105
3.228970227	-31.179249
3.250709357	-31.072001
3.272448487	-31.061001
3.294187617	-31.105
3.315926747	-31.103001
3.337665877	-31.08975
3.359405007	-31.171249
3.381144137	-31.13575
3.402883267	-31.11425
3.424622397	-31.203251
3.446361527	-31.13175
3.468100657	-31.189751
3.489839787	-31.154251
3.511578917	-31.1315
3.533318047	-31.199249
3.555057177	-31.07925
3.576796307	-30.84
3.598535437	-30.562
3.620274567	-30.418251
3.642013697	-30.169001
3.663752827	-30.136499
3.685491957	-30.2495
3.707231087	-30.463249
3.728970217	-30.765999
3.750709347	-31.037001
3.772448477	-31.417999
3.794187607	-31.87825
3.815926737	-32.384499
3.837665867	-32.611
3.859404997	-32.8465
3.881144127	-32.993248
3.902883257	-32.997749
3.924622387	-32.747749
3.946361517	-32.452251
3.968100647	-32.285252
3.989839777	-32.072498
4.009839777	-30.32575
4.029839777	-30.226749
4.049839777	-30.6675
4.069839777	-29.837749
4.089839777	-30.95525
4.109839777	-30.806999
4.129839777	-31.648001
4.149839777	-31.75
4.169839777	-32.10675
4.189839777	-32.767998
4.209839777	-33.459
4.229839777	-34.088501
4.249839777	-34.639999
4.269839777	-35.577
4.289839777	-35.850502
4.309839777	-36.123001
4.329839777	-35.853001
4.349839777	-35.837502
4.369839777	-36.189999
4.389839777	-35.447502
4.409839777	-35.141998
4.429839777	-34.43
4.449839777	-34.127998
4.469839777	-33.507751
4.489839777	-32.59375
4.509839777	-31.46475
4.529839777	-30.7355
4.549839777	-30.38825
4.569839777	-29.952749
4.589839777	-29.99275
4.609839777	-29.913
4.629839777	-30.774
4.649839777	-30.7675
4.669839777	-30.9725
4.689839777	-31.584751
4.709839777	-31.985001
4.729839777	-32.466248
4.749839777	-32.474751
4.769839777	-33.292747
4.789839777	-33.465248
4.809839777	-33.7775
4.829839777	-34.084747
4.849839777	-34.566498
4.869839777	-34.728249
4.889839777	-35.174751
4.909839777	-35.379501
4.929839777	-35.279251
4.949839777	-35.484001
4.969839777	-35.408501
4.989839777	-35.221748
5.010247937	-34.178749
5.030656097	-34.014252
5.051064257	-33.7705
5.071472417	-33.390751
5.091880577	-33.23975
5.112288737	-33.190498
5.132696897	-32.878998
5.153105057	-32.833252
5.173513217	-32.339752
5.193921377	-32.418499
5.214329537	-32.665749
5.234737697	-32.70425
5.255145857	-33.035252
5.275554017	-33.132
5.295962177	-33.18475
5.316370337	-33.315002
5.336778497	-33.357002
5.357186657	-33.649502
5.377594817	-33.591499
5.398002977	-33.951752
5.418411137	-34.030502
5.438819297	-34.5145
5.459227457	-34.595749
5.479635617	-35.223999
5.500043777	-35.288002
5.520451937	-35.675999
5.540860097	-36.2155
5.561268257	-36.321251
5.581676417	-36.547501
5.602084577	-36.597252
5.622492737	-36.360249
5.642900897	-36.335999
5.663309057	-35.883999
5.683717217	-35.375748
5.704125377	-34.814499
5.724533537	-34.075752
5.744941697	-33.375751
5.765349857	-32.619999
5.785758017	-32.092251
5.806166177	-31.774
5.826574337	-31.05575
5.846982497	-31.12575
5.867390657	-30.8165
5.887798817	-30.52475
5.908206977	-30.61825
5.928615137	-30.410749
5.949023297	-30.35375
5.969431457	-29.984749
5.989839617	-30.227501
6.009839617	-29.883499
6.029839617	-29.9345
6.049839617	-29.688999
6.069839617	-29.896999
6.089839617	-29.783249
6.109839617	-29.884001
6.129839617	-30.130001
6.149839617	-30.324501
6.169839617	-30.80575
6.189839617	-31.3165
6.209839617	-31.693501
6.229839617	-32.011002
6.249839617	-32.440002
6.269839617	-33.001751
6.289839617	-32.990749
6.309839617	-33.372749
6.329839617	-33.554001
6.349839617	-34.077251
6.369839617	-34.253998
6.389839617	-34.211998
6.409839617	-34.2565
6.429839617	-33.866501
6.449839617	-33.673
6.469839617	-33.572998
6.489839617	-33.308502
6.509839617	-33.16975
6.529839617	-33.0425
6.549839617	-32.732002
6.569839617	-32.60025
6.589839617	-32.50975
6.609839617	-32.833
6.629839617	-33.130749
6.649839617	-33.199749
6.669839617	-33.657749
6.689839617	-33.85675
6.709839617	-34.341751
6.729839617	-34.845749
6.749839617	-35.119251
6.769839617	-35.355999
6.789839617	-35.487
6.809839617	-35.740997
6.829839617	-35.563251
6.849839617	-35.2635
6.869839617	-35.299
6.889839617	-35.089249
6.909839617	-34.9035
6.929839617	-34.985752
6.949839617	-34.761002
6.969839617	-34.706749
6.989839617	-34.905998
7.009839617	-35.8265
7.029839617	-36.060249
7.049839617	-36.19775
7.069839617	-36.667
7.089839617	-37.029999
7.109839617	-37.528252
7.129839617	-37.911751
7.149839617	-38.19725
7.169839617	-38.494499
7.189839617	-38.265751
7.209839617	-38.262249
7.229839617	-38.210251
7.249839617	-37.943501
7.269839617	-37.641251
7.289839617	-37.335251
7.309839617	-37.109001
7.329839617	-37.020752
7.349839617	-36.896
7.369839617	-36.89925
7.389839617	-36.990501
7.409839617	-37.243248
7.429839617	-37.335251
7.449839617	-37.477753
7.469839617	-37.59325
7.489839617	-37.526001
7.509839617	-37.468498
7.529839617	-36.980999
7.549839617	-36.5765
7.569839617	-36.028748
7.589839617	-35.318748
7.609839617	-34.763748
7.629839617	-33.96175
7.649839617	-33.428001
7.669839617	-33.0765
7.689839617	-32.403
7.709839617	-32.08625
7.729839617	-31.61425
7.749839617	-31.515751
7.769839617	-31.5665
7.789839617	-31.681499
7.809839617	-31.742001
7.829839617	-31.992001
7.849839617	-32.034748
7.869839617	-32.056751
7.889839617	-32.095497
7.909839617	-31.970249
7.929839617	-31.7815
7.949839617	-31.67
7.969839617	-31.544001
7.989839617	-31.3685
8.009839617	-31.403
8.029839617	-31.519751
8.049839617	-31.93375
8.069839617	-32.28125
8.089839617	-32.621002
8.109839617	-33.206749
8.129839617	-33.564003
8.149839617	-34.1605
8.169839617	-34.346252
8.189839617	-34.904499
8.209839617	-35.04425
8.229839617	-34.917999
8.249839617	-34.848251
8.269839617	-34.3885
8.289839617	-34.206749
8.309839617	-34.088001
8.329839617	-33.730999
8.349839617	-33.422749
8.369839617	-33.11475
8.389839617	-32.5075
8.409839617	-32.42025
8.429839617	-32.078247
8.449839617	-31.960251
8.469839617	-31.67275
8.489839617	-31.566
8.509839617	-31.60775
8.529839617	-31.895
8.549839617	-32.110748
8.569839617	-32.141499
8.589839617	-32.44825
8.609839617	-32.780251
8.629839617	-32.87825
8.649839617	-32.98175
8.669839617	-33.253002
8.689839617	-33.076752
8.709839617	-33.047501
8.729839617	-33.144249
8.749839617	-33.100502
8.769839617	-33.221249
8.789839617	-33.227249
8.809839617	-33.65625
8.829839617	-33.639248
8.849839617	-34.063499
8.869839617	-34.089752
8.889839617	-34.174999
8.909839617	-34.695251
8.929839617	-34.717751
8.949839617	-35.150501
8.969839617	-35.708252
8.989839617	-36.0835
9.009839617	-36.96875
9.029839617	-36.929001
9.049839617	-36.852501
9.069839617	-36.732002
9.089839617	-36.299
9.109839617	-35.98925
9.129839617	-35.511497
9.149839617	-34.02
9.169839617	-33.375999
9.189839617	-33.633499
9.209839617	-33.065247
9.229839617	-31.57675
9.249839617	-31.543251
9.269839617	-30.924
9.289839617	-31.73525
9.309839617	-31.55625
9.329839617	-31.71875
9.349839617	-31.993248
9.369839617	-32.223499
9.389839617	-32.456497
9.409839617	-32.675499
9.429839617	-32.960751
9.449839617	-33.054749
9.469839617	-33.118752
9.489839617	-33.068748
9.509839617	-32.8825
9.529839617	-33.021248
9.549839617	-32.814999
9.569839617	-32.628998
9.589839617	-32.581249
9.609839617	-32.623001
9.629839617	-32.542
9.649839617	-32.59425
9.669839617	-32.627499
9.689839617	-32.091248
9.709839617	-32.778751
9.729839617	-32.83625
9.749839617	-32.913498
9.769839617	-33.119251
9.789839617	-33.190498
9.809839617	-33.329002
9.829839617	-33.317001
9.849839617	-33.414249
9.869839617	-32.825001
9.889839617	-33.453003
9.909839617	-33.320751
9.929839617	-33.172501
9.949839617	-33.168503
9.969839617	-33.096001
9.989839617	-33.054249
10.00983962	-32.060249
10.02983962	-32.626503
10.04983962	-32.471748
10.06983962	-31.92325
10.08983962	-32.048748
10.10983962	-31.713249
10.12983962	-30.894749
10.14983962	-31.0035
10.16983962	-30.53075
10.18983962	-30.37075
10.20983962	-30.3965
10.22983962	-30.554001
10.24983962	-30.45775
10.26983962	-30.730751
10.28983962	-31.091749
10.30983962	-31.665001
10.32983962	-31.81925
10.34983962	-32.3955
10.36983962	-32.928001
10.38983962	-33.236
10.40983962	-33.438751
10.42983962	-33.594749
10.44983962	-33.33725
10.46983962	-33.4995
10.48983962	-33.17025
10.50983962	-33.286499
10.52983962	-33.154999
10.54983962	-33.12175
10.56983962	-33.16275
10.58983962	-33.02375
10.60983962	-32.887249
10.62983962	-33.75425
10.64983962	-33.910999
10.66983962	-34.1805
10.68983962	-33.82375
10.70983962	-33.990002
10.72983962	-33.620499
10.74983962	-33.557251
10.76983962	-33.25375
10.78983962	-33.234249
10.80983962	-33.174751
10.82983962	-32.78075
10.84983962	-32.497749
10.86983962	-32.544998
10.88983962	-32.550499
10.90983962	-32.31625
10.92983962	-32.027248
10.94983962	-32.311001
10.96983962	-32.04575
10.98983962	-32.362999
11.00983962	-32.056747
11.02983962	-31.743999
11.04983962	-31.991249
11.06983962	-31.58975
11.08983962	-31.846251
11.10983962	-31.678249
11.12983962	-31.567501
11.14983962	-31.522251
11.16983962	-31.46875
11.18983962	-31.52375
11.20983962	-31.5305
11.22983962	-31.55925
11.24983962	-31.549
11.26983962	-31.968498
11.28983962	-31.84075
11.30983962	-31.986
11.32983962	-31.540251
11.34983962	-31.803001
11.36983962	-31.824749
11.38983962	-31.596001
11.40983962	-31.74325
11.42983962	-31.442501
11.44983962	-31.493999
11.46983962	-31.22625
11.48983962	-31.53125
11.50983962	-31.442249
11.52983962	-31.780001
11.54983962	-32.286751
11.56983962	-32.694748
11.58983962	-32.499001
11.60983962	-33.598751
11.62983962	-33.613998
11.64983962	-34.695747
11.66983962	-34.771999
11.68983962	-35.925251
11.70983962	-36.490997
11.72983962	-36.675999
11.74983962	-36.997498
11.76983962	-37.4165
11.78983962	-37.599499
11.80983962	-37.73225
11.82983962	-37.68425
11.84983962	-37.223251
11.86983962	-36.823997
11.88983962	-36.356251
11.90983962	-36.11475
11.92983962	-35.79475
11.94983962	-35.916748
11.96983962	-35.129501
11.98983962	-35.061001
12.00983962	-35.224751
12.02983962	-35.069748
12.04983962	-34.915249
12.06983962	-34.703499
12.08983962	-34.45475
12.10983962	-34.266251
12.12983962	-34.084251
12.14983962	-33.71925
12.16983962	-33.57
12.18983962	-33.357498
12.20983962	-33.332001
12.22983962	-33.41325
12.24983962	-33.430252
12.26983962	-33.539501
12.28983962	-33.737751
12.30983962	-33.585503
12.32983962	-33.971748
12.34983962	-34.216
12.36983962	-34.198002
12.38983962	-34.419998
12.40983962	-34.699749
12.42983962	-34.611
12.44983962	-34.778748
12.46983962	-34.658749
12.48983962	-34.591751
12.50983962	-34.37825
12.52983962	-34.084
12.54983962	-33.657749
12.56983962	-33.387501
12.58983962	-33.009003
12.60983962	-32.773003
12.62983962	-32.287498
12.64983962	-32.161499
12.66983962	-31.849251
12.68983962	-31.722
12.70983962	-31.473999
12.72983962	-31.007999
12.74983962	-31.116501
12.76983962	-30.769501
12.78983962	-30.65975
12.80983962	-30.549749
12.82983962	-30.4655
12.84983962	-30.542999
12.86983962	-30.627001
12.88983962	-30.966499
12.90983962	-30.976
12.92983962	-30.93325
12.94983962	-31.216499
12.96983962	-31.387751
12.98983962	-31.65675
13.00983962	-32.471252
13.02983962	-32.67625
13.04983962	-32.965252
13.06983962	-33.178001
13.08983962	-33.44775
13.10983962	-33.62825
13.12983962	-33.7845
13.14983962	-34.019501
13.16983962	-34.206497
13.18983962	-34.306999
13.20983962	-34.401749
13.22983962	-34.519501
13.24983962	-34.5215
13.26983962	-34.437
13.28983962	-34.393749
13.30983962	-34.272751
13.32983962	-34.167
13.34983962	-34.099503
13.36983962	-33.929501
13.38983962	-33.938
13.40983962	-33.82275
13.42983962	-34.106003
13.44983962	-34.007999
13.46983962	-33.950001
13.48983962	-34.40675
13.50983962	-34.213749
13.52983962	-34.16275
13.54983962	-34.537251
13.56983962	-34.249252
13.60983962	-34.401249
13.62983962	-34.432999
13.64983962	-34.55125
13.66983962	-34.62775
13.68983962	-34.498001
13.70983962	-34.805252
13.72983962	-34.584999
13.74983962	-34.855
13.76983962	-34.368999
13.78983962	-34.608002
13.80983962	-34.377499
13.82983962	-34.34
13.84983962	-34.049751
13.86983962	-34.167252
13.88983962	-33.589001
13.90983962	-33.526249
13.92983962	-33.257999
13.94983962	-33.15575
13.96983962	-33.299
13.98983962	-32.780502
14.00983962	-32.734001
14.02983962	-32.56675
14.04983962	-32.542747
14.06983962	-32.523251
14.08983962	-32.421749
14.10983962	-32.361
14.12983962	-32.30125
14.14983962	-32.577499
14.16983962	-32.154747
14.18983962	-32.839001
14.20983962	-33.062
14.22983962	-33.400501
14.24983962	-33.915501
14.26983962	-34.067501
14.28983962	-34.292
14.30983962	-34.223751
14.32983962	-34.675251
14.34983962	-34.50375
14.36983962	-34.633999
14.38983962	-34.449249
14.40983962	-34.366501
14.42983962	-34.185501
14.44983962	-33.985001
14.46983962	-33.950001
14.48983962	-33.741001
14.50983962	-33.623501
14.52983962	-33.559502
14.54983962	-33.491753
14.56983962	-33.328999
14.58983962	-33.387501
14.60983962	-32.907249
14.62983962	-33.502502
14.64983962	-33.6665
14.66983962	-33.109749
14.68983962	-33.76775
14.70983962	-33.689999
14.72983962	-33.9505
14.74983962	-34.019501
14.76983962	-33.605751
14.78983962	-34.147751
14.80983962	-33.740002
14.82983962	-33.708252
14.84983962	-34.656502
14.88983962	-34.604752
14.90983962	-34.585499
14.92983962	-34.629501
14.94983962	-34.768002
14.96983962	-34.530502
14.98983962	-34.679749
15.00983962	-34.8545
15.02983962	-34.96825
15.04983962	-35.105
15.06983962	-35.15675
15.08983962	-35.304249
15.10983962	-35.504501
15.12983962	-35.627998
15.14983962	-35.679749
15.16983962	-35.729248
15.18983962	-35.713753
15.20983962	-35.674252
15.22983962	-35.501751
15.24983962	-35.287251
15.26983962	-35.034
15.28983962	-34.779751
15.30983962	-34.505749
15.32983962	-34.248249
15.34983962	-34.09425
15.36983962	-33.966499
15.38983962	-33.84375
15.40983962	-33.850998
15.42983962	-33.96125
15.44983962	-34.067749
15.46983962	-34.2845
15.48983962	-34.487
15.50983962	-34.632
15.52983962	-34.756748
15.54983962	-34.744751
15.56983962	-34.707001
15.58983962	-34.576
15.60983962	-34.394753
15.62983962	-34.174248
15.64983962	-33.9575
15.66983962	-33.743752
15.68983962	-33.547752
15.70983962	-33.360748
15.72983962	-33.134499
15.74983962	-32.976749
15.76983962	-32.78075
15.78983962	-32.653252
15.80983962	-32.399002
15.82983962	-32.279499
15.84983962	-32.182747
15.86983962	-32.11375
15.88983962	-32.070999
15.90983962	-32.401001
15.92983962	-32.66325
15.94983962	-32.92075
15.96983962	-33.057503
15.98983962	-33.200249
16.00983962	-34.07225
16.02983962	-34.275501
16.04983962	-34.603748
16.06983962	-34.818748
16.08983962	-35.165749
16.10983962	-35.43325
16.12983962	-35.625248
16.14983962	-36
16.16983962	-36.177498
16.18983962	-36.5005
16.20983962	-36.838249
16.22983962	-37.045502
16.24983962	-37.334251
16.26983962	-37.371498
16.28983962	-37.621498
16.30983962	-37.659752
16.32983962	-37.959
16.34983962	-38.132999
16.36983962	-38.460751
16.38983962	-38.7425
16.40983962	-39.084251
16.42983962	-39.20475
16.44983962	-39.490501
16.46983962	-39.527748
16.48983962	-39.388252
16.50983962	-39.325249
16.52983962	-38.741753
16.54983962	-38.572998
16.56983962	-38.096249
16.58983962	-37.584999
16.60983962	-37.036499
16.62983962	-36.738503
16.64983962	-36.1605
16.66983962	-35.833252
16.68983962	-35.4585
16.70983962	-35.153999
16.72983962	-34.809998
16.74983962	-34.637749
16.76983962	-34.368999
16.78983962	-34.23875
16.80983962	-34.162498
16.82983962	-33.994999
16.84983962	-33.980499
16.86983962	-33.588249
16.88983962	-33.928001
16.90983962	-33.963249
16.92983962	-33.903
16.94983962	-33.966
16.96983962	-33.834747
16.98983962	-33.762501
17.00983962	-33.687
17.02983962	-33.485249
17.04983962	-33.500252
17.06983962	-33.271999
17.08983962	-33.08625
17.10983962	-33.008751
17.12983962	-32.729
17.14983962	-32.567253
17.16983962	-32.48275
17.18983962	-32.347752
17.20983962	-31.9895
17.22983962	-32.057251
17.24983962	-31.90675
17.26983962	-31.619251
17.28983962	-31.61475
17.30983962	-31.5445
17.32983962	-31.68075
17.34983962	-31.570499
17.36983962	-31.727749
17.38983962	-31.636499
17.40983962	-31.993
17.42983962	-32.114998
17.44983962	-32.504501
17.46983962	-32.917999
17.48983962	-33.2925
17.50983962	-33.855251
17.52983962	-34.439999
17.54983962	-34.905998
17.56983962	-35.570999
17.58983962	-36.023499
17.60983962	-36.443001
17.62983962	-36.577751
17.64983962	-37.1115
17.66983962	-37.389
17.68983962	-37.5005
17.70983962	-37.410332
17.72983962	-37.414001
17.74983962	-37.193748
17.76983962	-37.154999
17.78983962	-36.96875
17.80983962	-36.633751
17.82983962	-36.440002
17.84983962	-36.30175
17.86983962	-36.21825
17.88983962	-36.19075
17.90983962	-36.247749
17.92983962	-36.159248
17.94983962	-35.949501
17.96983962	-36.058998
17.98983962	-36.019501
18.00983962	-35.876251
18.02983962	-35.805
18.04983962	-35.638252
18.06983962	-35.383751
18.08983962	-35.218498
18.10983962	-34.874252
18.12983962	-34.51675
18.14983962	-34.106251
18.16983962	-33.727001
18.18983962	-33.312
18.20983962	-32.958752
18.22983962	-32.5895
18.24983962	-32.220501
18.26983962	-31.89975
18.28983962	-31.5875
18.30983962	-31.215
18.32983962	-30.9055
18.34983962	-30.731251
18.36983962	-30.5975
18.38983962	-28.917751
18.40983962	-31.5355
18.42983962	-31.534
18.44983962	-31.565001
18.46983962	-31.126751
18.48983962	-30.311501
18.50983962	-30.424751
18.52983962	-29.44175
18.54983962	-30.83
18.56983962	-31.114
18.58983962	-31.37875
18.60983962	-32.024002
18.62983962	-32.46875
18.64983962	-32.855999
18.66983962	-33.226997
18.68983962	-33.684502
18.70983962	-34.071251
18.72983962	-34.593498
18.74983962	-35.058998
18.76983962	-35.526249
18.78983962	-35.924
18.80983962	-36.298248
18.82983962	-36.540249
18.84983962	-36.61525
18.86983962	-36.681
18.88983962	-36.593002
18.90983962	-36.452751
18.92983962	-36.112503
18.94983962	-35.831001
18.96983962	-35.461502
18.98983962	-35.183998
19.00983962	-34.55175
19.02983962	-34.32225
19.04983962	-34.253502
19.06983962	-34.137501
19.08983962	-34.094002
19.10983962	-34.1315
19.12983962	-34.185501
19.14983962	-34.42025
19.16983962	-34.577248
19.18983962	-34.730499
19.20983962	-34.845501
19.22983962	-34.94125
19.24983962	-34.959999
19.26983962	-34.995499
19.28983962	-34.93325
19.30983962	-34.803749
19.32983962	-34.712002
19.34983962	-34.6325
19.36983962	-34.463753
19.38983962	-34.3405
19.40983962	-34.219501
19.42983962	-34.13625
19.44983962	-34.029503
19.46983962	-33.929249
19.48983962	-33.887501
19.50983962	-33.8685
19.52983962	-33.88625
19.54983962	-33.880249
19.56983962	-33.991501
19.58983962	-34.1255
19.60983962	-34.312248
19.62983962	-34.781998
19.64983962	-35.098999
19.66983962	-35.1115
19.68983962	-35.175751
19.70983962	-35.228249
19.72983962	-35.172501
19.74983962	-35.135998
19.76983962	-35.076
19.78983962	-34.94025
19.80983962	-34.766251
19.82983962	-34.59
19.84983962	-34.390751
19.86983962	-34.185501
19.88983962	-33.953751
19.90983962	-33.700001
19.92983962	-33.536499
19.94983962	-33.279751
19.96983962	-33.10775
19.98983962	-32.98175
20.00983962	-32.944252
20.02983962	-32.869251
20.04983962	-32.838753
20.06983962	-32.813
20.08983962	-32.71825
20.10983962	-32.736
20.12983962	-32.675499
20.14983962	-32.666748
20.16983962	-32.611252
20.18983962	-32.615002
20.20983962	-32.557999
20.22983962	-32.50375
20.24983962	-32.502998
20.26983962	-32.474251
20.28983962	-32.46875
20.30983962	-32.552002
20.32983962	-32.591751
20.34983962	-32.619751
20.36983962	-32.710751
20.38983962	-32.873497
20.40983962	-33.095001
20.42983962	-33.324501
20.44983962	-33.638752
20.46983962	-33.998001
20.48983962	-34.435501
20.50983962	-34.877998
20.52983962	-35.19725
20.54983962	-35.527748
20.56983962	-35.80225
20.58983962	-35.989502
20.60983962	-36.104752
20.62983962	-36.132252
20.64983962	-36.0905
20.66983962	-35.953499
20.68983962	-35.831749
20.70983962	-35.651249
20.72983962	-35.470749
20.74983962	-35.319748
20.76983962	-35.144749
20.78983962	-35.032501
20.80983962	-34.958748
20.82983962	-34.997498
20.84983962	-34.956249
20.86983962	-35.117752
20.88983962	-35.185249
20.90983962	-35.348251
20.92983962	-35.509499
20.94983962	-35.678001
20.96983962	-35.7215
20.98983962	-35.797501
21.00983962	-35.918751
21.02983962	-35.542999
21.04983962	-35.723747
21.06983962	-36.159
21.08983962	-36.078251
21.10983962	-35.939251
21.12983962	-35.782249
21.14983962	-35.540249
21.16983962	-35.28825
21.18983962	-34.86475
21.20983962	-34.335499
21.22983962	-34.790249
21.24983962	-34.67725
21.26983962	-34.517998
21.28983962	-34.543747
21.30983962	-34.363503
21.32983962	-34.590752
21.34983962	-34.51825
21.36983962	-34.737999
21.38983962	-34.970001
21.40983962	-35.077499
21.42983962	-34.635498
21.44983962	-35.240997
21.46983962	-35.598999
21.48983962	-35.675251
21.50983962	-35.782501
21.52983962	-35.643997
21.54983962	-35.720001
21.56983962	-35.668999
21.58983962	-35.64875
21.60983962	-35.681999
21.62983962	-35.438248
21.64983962	-35.565498
21.66983962	-35.368
21.68983962	-35.271
21.70983962	-35.192249
21.72983962	-35.056499
21.74983962	-34.942001
21.76983962	-34.963749
21.78983962	-34.758751
21.80983962	-34.745998
21.82983962	-34.384998
21.84983962	-34.488503
21.86983962	-34.496498
21.88983962	-34.347
21.90983962	-34.348499
21.92983962	-34.363499
21.94983962	-34.120998
21.96983962	-34.124748
21.98983962	-34.134003
22.00983962	-34.08725
22.02983962	-33.902748
22.04983962	-34.071499
22.06983962	-33.733002
22.08983962	-34.002251
22.10983962	-33.980751
22.12983962	-33.943501
22.14983962	-33.8195
22.16983962	-33.713001
22.18983962	-33.184502
22.20983962	-33.19775
22.22983962	-33.411251
22.24983962	-33.300751
22.26983962	-33.180748
22.28983962	-33.076748
22.30983962	-32.813499
22.32983962	-32.950249
22.34983962	-32.943748
22.36983962	-33.005749
22.38983962	-32.747749
22.40983962	-32.807999
22.42983962	-33.041
22.44983962	-32.848499
22.46983962	-32.717251
22.48983962	-32.96175
22.50983962	-33.202499
22.52983962	-33.213749
22.54983962	-32.758247
22.56983962	-33.257748
22.58983962	-33.159
22.60983962	-32.852753
22.62983962	-32.832748
22.64983962	-32.592499
22.66983962	-33.06525
22.68983962	-33.116501
22.70983962	-32.797249
22.72983962	-32.627998
22.74983962	-33.19725
22.76983962	-33.014
22.78983962	-33.148499
22.80983962	-33.661251
22.82983962	-33.581001
22.84983962	-33.957748
22.86983962	-34.580498
22.88983962	-34.800247
22.90983962	-34.880001
22.92983962	-35.103752
22.94983962	-35.37775
22.96983962	-35.660751
22.98983962	-35.919502
23.00983962	-36.1105
23.02983962	-36.133247
23.04983962	-36.196251
23.06983962	-36.043251
23.08983962	-36.074501
23.14983962	-35.575249
23.16983962	-35.312248
23.26983962	-34.078751
23.28983962	-33.923748
23.38983962	-33.632248
23.44983962	-34.021999
23.46983962	-34.250999
23.48983962	-34.573502
23.52983962	-35.18375
23.54983962	-35.452
23.56983962	-35.820751
23.72983962	-36.5005
23.90983962	-34.275749
24.00983962	-33.580002
24.04983962	-33.567001
24.06983962	-33.519249
24.08983962	-33.555748
24.10983962	-33.463501
24.12983962	-33.41375
24.14983962	-33.455002
24.16983962	-33.44825
24.24983962	-33.684502
24.26983962	-33.8395
24.28983962	-33.970501
24.30983962	-34.12825
24.34983962	-34.200001
24.36983962	-34.36475
24.38983962	-34.466999
24.40983962	-34.477501
24.42983962	-34.36525
24.44983962	-34.489998
24.46983962	-34.32325
24.50983962	-34.3675
24.56983962	-33.834751
24.58983962	-33.636501
24.60983962	-33.433502
24.74983962	-32.03125
24.80983962	-32.012249
24.86983962	-32.0835
24.88983962	-32.331501
24.90983962	-32.313251
24.92983962	-32.428249
24.94983962	-32.50325
24.96983962	-32.669498
25.00983962	-33.260498
25.02983962	-33.41925
25.04983962	-33.498749
25.06983962	-33.602501
25.08983962	-33.676498
25.10983962	-33.757999
25.12983962	-33.866249
25.14983962	-33.95525
25.16983962	-34.062248
25.18983962	-34.1245
25.20983962	-34.253502
25.22983962	-34.24675
25.24983962	-34.2845
25.26983962	-34.24025
25.28983962	-34.227001
25.30983962	-34.163002
25.32983962	-34.112499
25.34983962	-34.002998
25.36983962	-33.959
25.38983962	-33.913002
25.40983962	-33.83025
25.42983962	-33.786999
25.44983962	-33.7715
25.46983962	-33.76025
25.48983962	-33.700001
25.50983962	-33.777252
25.52983962	-33.850998
25.54983962	-33.891499
25.56983962	-34.03775
25.58983962	-34.254997
25.60983962	-34.430748
25.62983962	-34.701
25.64983962	-34.9715
25.66983962	-35.375999
25.68983962	-35.797501
25.70983962	-36.209999
25.72983962	-36.582001
25.74983962	-36.942501
25.76983962	-37.235001
25.78983962	-37.555252
25.80983962	-37.882751
25.82983962	-38.081249
25.84983962	-38.289497
25.86983962	-38.369499
25.88983962	-38.43375
25.90983962	-38.424
25.92983962	-38.307503
25.94983962	-38.218002
25.96983962	-37.964752
25.98983962	-37.668751
26.00983962	-37.15575
26.02983962	-37.200001
26.04983962	-36.7435
26.06983962	-36.847
26.08983962	-36.515999
26.10983962	-36.497498
26.12983962	-36.158501
26.14983962	-35.867249
26.16983962	-35.751751
26.18983962	-35.531502
26.20983962	-35.222
26.22983962	-35.00425
26.24983962	-34.6595
26.26983962	-34.467251
26.28983962	-34.113499
26.30983962	-34.032997
26.32983962	-33.765999
26.34983962	-33.8195
26.36983962	-33.492249
26.38983962	-33.349751
26.40983962	-33.374001
26.42983962	-33.30125
26.44983962	-33.390251
26.46983962	-33.374249
26.48983962	-33.249249
26.50983962	-33.289501
26.52983962	-33.324001
26.54983962	-33.321751
26.56983962	-33.263
26.58983962	-33.24575
26.60983962	-33.453251
26.62983962	-33.2435
26.64983962	-33.330002
26.66983962	-33.4035
26.68983962	-33.64175
26.70983962	-33.595749
26.72983962	-33.820999
26.74983962	-33.998749
26.76983962	-34.174999
26.78983962	-34.339249
26.80983962	-34.374252
26.82983962	-34.514999
26.84983962	-34.660999
26.86983962	-34.741753
26.88983962	-34.506248
26.90983962	-34.422001
26.92983962	-34.168999
26.94983962	-33.980499
26.96983962	-33.74575
26.98983962	-33.4445
27.00983962	-33.344749
27.02983962	-33.26075
27.04983962	-33.133251
27.06983962	-33.099499
27.08983962	-33.111752
27.10983962	-33.265751
27.12983962	-33.372002
27.14983962	-33.582253
27.16983962	-33.793251
27.18983962	-33.962502
27.20983962	-34.2985
27.22983962	-34.509003
27.24983962	-34.755249
27.26983962	-35.363499
27.28983962	-35.477001
27.30983962	-35.689751
27.32983962	-35.662998
27.34983962	-35.653751
27.36983962	-35.561752
27.38983962	-35.459499
27.40983962	-35.238251
27.42983962	-35.234501
27.44983962	-35.05925
27.46983962	-35.037998
27.48983962	-34.969002
27.50983962	-34.97575
27.52983962	-34.953003
27.54983962	-34.980499
27.56983962	-35.007248
27.58983962	-35.098
27.60983962	-35.182499
27.62983962	-35.188751
27.64983962	-35.194748
27.66983962	-35.037251
27.68983962	-34.806332
27.70983962	-34.83725
27.72983962	-34.740997
27.74983962	-34.615997
27.76983962	-34.497498
27.78983962	-34.305
27.80983962	-34.196999
27.82983962	-34.045998
27.84983962	-33.828499
27.86983962	-33.513
27.88983962	-33.446751
27.90983962	-33.221252
27.92983962	-33.04525
27.94983962	-32.799751
27.96983962	-32.658501
27.98983962	-32.447498
28.00983962	-32.210499
28.02983962	-32.181751
28.04983962	-32.12075
28.06983962	-32.071251
28.08983962	-32.14925
28.10983962	-32.354248
28.12983962	-32.450001
28.14983962	-32.568501
28.16983962	-32.69825
28.18983962	-32.82925
28.20983962	-33.084251
28.22983962	-33.070251
28.24983962	-33.432499
28.26983962	-33.275501
28.28983962	-33.603249
28.30983962	-33.758247
28.32983962	-33.73875
28.34983962	-33.589249
28.36983962	-33.806751
28.38983962	-33.70475
28.40983962	-33.633251
28.42983962	-33.588749
28.44983962	-33.390251
28.46983962	-33.403751
28.48983962	-33.478001
28.50983962	-33.310001
28.52983962	-33.257
28.54983962	-33.068748
28.56983962	-33.144501
28.58983962	-32.984001
28.60983962	-32.959
28.62983962	-32.716999
28.64983962	-32.657749
28.66983962	-32.541252
28.68983962	-32.330502
28.70983962	-32.381252
28.72983962	-32.223999
28.74983962	-32.21175
28.76983962	-32.1185
28.78983962	-31.98575
28.80983962	-32.214752
28.82983962	-32.193748
28.84983962	-32.288002
28.86983962	-32.4245
28.88983962	-32.502251
28.90983962	-32.548752
28.92983962	-32.640999
28.94983962	-32.78075
28.96983962	-32.793999
28.98983962	-32.87925
29.00983962	-33.324001
29.02983962	-33.227001
29.04983962	-33.336502
29.06983962	-33.408249
29.08983962	-33.435753
29.10983962	-33.422249
29.12983962	-33.479
29.14983962	-33.431999
29.16983962	-33.353249
29.18983962	-33.187752
29.20983962	-33.043751
29.22983962	-32.849251
29.24983962	-32.569252
29.26983962	-32.415497
29.28983962	-32.125
29.30983962	-31.961
29.32983962	-31.75675
29.34983962	-31.622
29.36983962	-31.469
29.38983962	-31.366751
29.40983962	-31.361
29.42983962	-31.37875
29.44983962	-31.372
29.46983962	-31.43825
29.48983962	-31.52825
29.50983962	-31.684
29.52983962	-31.782
29.54983962	-31.93475
29.56983962	-32.124001
29.58983962	-32.27
29.60983962	-32.417751
29.62983962	-32.627499
29.64983962	-32.765499
29.66983962	-32.867752
29.68983962	-33.015999
29.70983962	-33.137001
29.72983962	-33.387001
29.74983962	-33.457748
29.76983962	-33.720749
29.78983962	-33.756001
29.80983962	-34.026249
29.82983962	-34.08625
29.84983962	-34.338249
29.86983962	-34.57
29.88983962	-34.9025
29.90983962	-34.977249
29.92983962	-35.156498
29.94983962	-35.349751
29.96983962	-35.525249
29.98983962	-35.353752
30.00983962	-35.785751
30.02983962	-35.749249
30.04983962	-35.692501
30.06983962	-35.745499
30.08983962	-35.680748
30.10983962	-35.382999
30.12983962	-35.058998
30.14983962	-34.673248
30.16983962	-34.25975
30.18983962	-33.772751
30.20983962	-33.337749
30.22983962	-32.977249
30.24983962	-32.4575
30.26983962	-31.96925
30.28983962	-31.6325
30.30983962	-31.2215
30.32983962	-30.96575
30.34983962	-30.86525
30.36983962	-30.692249
30.38983962	-30.554501
30.40983962	-30.66975
30.42983962	-30.885
30.44983962	-31.06975
30.46983962	-31.2535
30.48983962	-31.50675
30.50983962	-31.85725
30.52983962	-32.232002
30.54983962	-32.652
30.56983962	-32.901501
30.58983962	-33.307503
30.60983962	-33.75325
30.62983962	-34.118248
