B23_2012 depth (m) center	B23_2012 d18O (permil)
0.0110525	-30.69775
0.0331575	-30.983
0.0552625	-31.04525
0.0773675	-30.804749
0.0994725	-31.507999
0.1215775	-31.847
0.1436825	-32.762001
0.1657875	-33.846001
0.1878925	-34.07975
0.2099974999999999	-34.071499
0.2321024999999999	-33.545998
0.2542074999999999	-33.322502
0.2763124999999999	-33.039249
0.2984174999999999	-32.908501
0.3205224999999999	-32.633499
0.3426274999999999	-31.7365
0.3647324999999998	-30.478001
0.3868374999999998	-29.553249
0.4089424999999998	-28.206749
0.4310474999999998	-27.88275
0.4531524999999998	-27.80475
0.4752574999999998	-28.144501
0.4973624999999998	-28.497499
0.5194674999999997	-29.519501
0.5415724999999998	-30.49025
0.5636774999999998	-31.696251
0.5857824999999999	-33.48925
0.6078874999999999	-36.305748
0.6299925	-38.376499
0.6520975	-39.79575
0.6742025	-40.588501
0.6963075000000001	-41.267502
0.7184125000000001	-41.217251
0.7405175000000002	-40.239502
0.7626225000000002	-39.110252
0.7847275000000002	-37.76725
0.8068325000000003	-36.691502
0.8068325000000003	-36.66925
0.8289375000000003	-36.585751
0.8621621131896973	-34.327499
0.88486480712890625	-34.596249
0.9075675010681152	-34.625
0.9302701950073242	-34.146
0.9529728889465332	-33.446751
0.9756755828857422	-32.898251
0.9983782768249512	-32.313499
1.02108097076416	-31.887751
1.043783664703369	-31.6465
1.066486358642578	-31.667
1.089189052581787	-31.653
1.111891746520996	-33.854
1.134594440460205	-35.222
1.134594440460205	-35.14275
1.157297134399414	-36.405251
1.179999828338623	-37.385002
1.202702522277832	-37.444
1.225405216217041	-37.834499
1.24810791015625	-37.09325
1.270810604095459	-36.709251
1.293513298034668	-35.102001
1.316215991973877	-33.96925
1.338918685913086	-32.851002
1.361621379852295	-31.974251
1.384324073791504	-31.31875
1.407026767730713	-31.075251
1.429729461669922	-30.349251
1.452432155609131	-30.846001
1.47513484954834	-30.9555
1.497837543487549	-31.040667
1.497837543487549	-30.747
1.520540237426758	-31.215
1.543242931365967	-31.2215
1.565945625305176	-30.6035
1.588648319244385	-31.39575
1.601093749999999	-31.01325
1.622656249999999	-31.65975
1.644218749999999	-32.27375
1.665781249999999	-32.646252
1.687343749999999	-32.91925
1.708906249999999	-33.01725
1.730468749999999	-32.994251
1.752031249999999	-32.287498
1.773593749999999	-31.62525
1.795156249999998	-31.2365
1.816718749999998	-30.970249
1.838281249999998	-30.803499
1.859843749999998	-31.252251
1.881406249999998	-31.800251
1.902968749999998	-32.581001
1.924531249999998	-33.641251
1.946093749999998	-35.451248
1.967656249999998	-36.438499
1.989218749999998	-36.438751
2.010495339999998	-40.029499
2.031771929999997	-39.785999
2.053048519999997	-39.428497
2.074325109999997	-38.6185
2.095601699999997	-37.573997
2.116878289999997	-36.678497
2.138154879999997	-35.939751
2.159431469999996	-35.127499
2.180708059999996	-34.70575
2.201984649999996	-34.967251
2.223261239999996	-35.169998
2.244537829999996	-35.554749
2.265814419999995	-35.693249
2.287091009999995	-35.756248
2.308367599999995	-35.87775
2.329644189999995	-35.724751
2.350920779999995	-35.739502
2.372197369999995	-35.506752
2.393473959999994	-35.247501
2.414750549999994	-34.779751
2.436027139999994	-33.907249
2.457303729999994	-33.763248
2.478580319999994	-33.727749
2.499856909999993	-34.076
2.521133499999993	-34.965752
2.542410089999993	-37.148499
2.563686679999993	-39.079998
2.584963269999993	-39.48275
2.606239859999993	-39.63525
2.627516449999992	-39.216999
2.648793039999992	-38.8755
2.670069629999992	-38.1745
2.691346219999992	-37.251999
2.712622809999992	-36.455002
2.733899399999991	-35.735252
2.755175989999991	-35.024002
2.776452579999991	-34.418251
2.797729169999991	-34.165501
2.819005759999991	-33.686249
2.840282349999991	-33.486
2.86155893999999	-33.508499
2.88283552999999	-33.846001
2.90411211999999	-34.228001
2.92538870999999	-34.7295
2.94666529999999	-35.31525
2.967941889999989	-35.900002
2.989218479999989	-36.2915
3.010048479999989	-36.644001
3.030878479999989	-36.70575
3.05170847999999	-36.3825
3.07253847999999	-36.865749
3.09336847999999	-35.682499
3.11419847999999	-35.91275
3.13502847999999	-35.294998
3.15585847999999	-34.2855
3.17668847999999	-34.692001
3.197518479999991	-34.381001
3.218348479999991	-34.382248
3.239178479999991	-34.085503
3.260008479999991	-34.891251
3.280838479999991	-35.1805
3.301668479999991	-35.62875
3.322498479999991	-36.095501
3.343328479999991	-36.444
3.364158479999992	-36.693748
3.384988479999992	-36.757
3.405818479999992	-36.5905
3.426648479999992	-36.396252
3.447478479999992	-35.978001
3.468308479999992	-35.422249
3.489138479999992	-35.035
3.509968479999992	-34.393501
3.530798479999993	-33.962997
3.551628479999993	-33.193501
3.572458479999993	-32.939999
3.593288479999993	-33.292252
3.614118479999993	-33.21825
3.634948479999993	-33.027252
3.655778479999993	-33.04425
3.676608479999993	-33.093002
3.697438479999994	-33.329002
3.718268479999994	-33.409752
3.739098479999994	-33.560501
3.759928479999994	-33.584251
3.780758479999994	-33.46175
3.801588479999994	-33.029251
3.822418479999994	-32.9245
3.843248479999994	-32.620499
3.864078479999995	-32.36425
3.884908479999995	-32.200001
3.905738479999995	-32.233002
3.926568479999995	-31.96925
3.947398479999995	-31.946751
3.968228479999995	-32.44075
3.989058479999995	-32.493
4.009466479999995	-33.415749
4.029874479999995	-33.589748
4.050282479999995	-33.814247
4.070690479999994	-33.901249
4.091098479999994	-33.976501
4.111506479999994	-34.060749
4.131914479999994	-33.964001
4.152322479999993	-33.877499
4.172730479999993	-33.737999
4.193138479999993	-33.55825
4.213546479999993	-33.43
4.233954479999992	-33.182251
4.254362479999992	-33.0075
4.274770479999992	-32.7785
4.295178479999992	-32.507252
4.315586479999991	-32.429749
4.335994479999991	-32.342251
4.356402479999991	-32.507751
4.376810479999991	-32.720749
4.39721847999999	-33.055248
4.41762647999999	-33.470501
4.43803447999999	-34.062248
4.45844247999999	-34.818001
4.47885047999999	-35.50375
4.499258479999989	-35.936001
4.519666479999989	-36.230251
4.540074479999989	-36.404251
4.560482479999989	-36.28125
4.580890479999988	-36.06625
4.601298479999988	-35.797749
4.621706479999988	-35.371498
4.642114479999988	-34.845501
4.662522479999987	-34.270752
4.682930479999987	-33.778252
4.703338479999987	-33.380749
4.723746479999987	-33.071999
4.744154479999986	-33.086502
4.764562479999986	-33.137749
4.784970479999986	-33.364502
4.805378479999986	-33.695251
4.825786479999985	-33.987999
4.846194479999985	-34.403751
4.866602479999985	-34.445999
4.887010479999985	-34.513752
4.907418479999984	-34.34425
4.927826479999984	-33.9655
4.948234479999984	-33.526001
4.968642479999984	-33.175251
4.989050479999984	-32.711998
5.009458479999983	-30.535
5.029866479999983	-30.3305
5.050274479999983	-30.217751
5.070682479999983	-30.349751
5.091090479999982	-30.634251
5.111498479999982	-30.945
5.131906479999982	-31.574749
5.152314479999982	-32.416748
5.172722479999981	-33.158749
5.193130479999981	-33.624748
5.213538479999981	-33.974251
5.233946479999981	-34.4585
5.25435447999998	-34.421249
5.27476247999998	-34.453751
5.29517047999998	-34.512001
5.31557847999998	-34.394753
5.335986479999979	-34.41975
5.356394479999979	-34.583252
5.376802479999979	-34.910751
5.397210479999979	-35.339001
5.417618479999978	-35.902
5.438026479999978	-36.628998
5.458434479999978	-37.244751
5.478842479999978	-37.867249
5.499250479999978	-38.540501
5.519658479999977	-39.07325
5.540066479999977	-39.717751
5.560474479999977	-40.084251
5.580882479999977	-40.318001
5.601290479999976	-40.318748
5.621698479999976	-40.224751
5.642106479999976	-40.01075
5.662514479999976	-39.8615
5.682922479999975	-39.575748
5.703330479999975	-39.209499
5.723738479999975	-38.890999
5.744146479999975	-38.904751
5.764554479999974	-38.8055
5.784962479999974	-38.747002
5.805370479999974	-38.669998
5.825778479999974	-38.512749
5.846186479999973	-38.265999
5.866594479999973	-37.915749
5.887002479999973	-37.57375
5.907410479999973	-37.229
5.927818479999972	-36.670002
5.948226479999972	-36.199749
5.968634479999972	-35.7355
5.989042479999972	-35.245251
6.009042479999971	-33.142998
6.029042479999971	-33.35675
6.04904247999997	-33.10775
6.06904247999997	-32.719749
6.08904247999997	-33.385502
6.109042479999969	-33.585499
6.129042479999969	-33.884499
6.149042479999968	-33.556751
6.169042479999968	-33.779751
6.189042479999967	-34.428001
6.209042479999967	-34.39925
6.229042479999967	-34.44175
6.249042479999966	-34.604252
6.269042479999966	-34.640499
6.289042479999965	-34.761002
6.309042479999965	-34.299
6.329042479999964	-35.256001
6.349042479999964	-35.101501
6.369042479999964	-35.894501
6.389042479999963	-35.764252
6.409042479999963	-36.601002
6.429042479999962	-36.32925
6.449042479999962	-36.861752
6.469042479999962	-35.9305
6.489042479999961	-36.191498
6.509042479999961	-35.584251
6.52904247999996	-35.103249
6.54904247999996	-34.6185
6.569042479999959	-34.095001
6.589042479999959	-33.171753
6.609042479999959	-33.042999
6.629042479999958	-33.076
6.649042479999958	-33.532001
6.669042479999957	-34.359249
6.689042479999957	-35.01775
6.709042479999956	-35.320747
6.729042479999956	-36.460251
6.749042479999956	-36.686249
6.769042479999955	-37.37175
6.789042479999955	-38.317749
6.809042479999954	-38.0495
6.829042479999954	-38.42075
6.849042479999953	-37.599751
6.869042479999953	-37.364502
6.889042479999953	-36.639252
6.909042479999952	-36.237999
6.929042479999952	-35.912502
6.949042479999951	-35.759251
6.969042479999951	-35.508999
6.98904247999995	-36.318748
7.00904247999995	-37.659248
7.02904247999995	-37.992001
7.049042479999949	-38.529251
7.069042479999949	-39.30925
7.089042479999948	-39.789749
7.109042479999948	-39.954498
7.129042479999947	-40.661751
7.149042479999947	-40.87075
7.169042479999947	-40.844498
7.189042479999946	-40.728001
7.209042479999946	-40.151749
7.229042479999945	-39.479
7.249042479999945	-38.954502
7.269042479999944	-38.171249
7.289042479999944	-37.591751
7.309042479999944	-37.068748
7.329042479999943	-36.820999
7.349042479999943	-36.377502
7.369042479999942	-36.093002
7.389042479999942	-36.12775
7.409042479999941	-36.369999
7.429042479999941	-36.118252
7.449042479999941	-35.922249
7.46904247999994	-35.5065
7.48904247999994	-35.4585
7.509042479999939	-35.6595
7.529042479999939	-35.418999
7.549042479999938	-35.603001
7.569042479999938	-36.040253
7.589042479999938	-36.01025
7.609042479999937	-36.060749
7.629042479999937	-36.512249
7.649042479999936	-36.602753
7.669042479999936	-36.688251
7.689042479999936	-36.871002
7.709042479999935	-37.086502
7.729042479999935	-37.381248
7.749042479999934	-37.848751
7.769042479999934	-38.412498
7.789042479999933	-38.538502
7.809042479999933	-39.241001
7.829042479999933	-39.578751
7.849042479999932	-39.691002
7.869042479999932	-39.352749
7.889042479999931	-39.53875
7.909042479999931	-39.155502
7.92904247999993	-38.769501
7.94904247999993	-38.021999
7.96904247999993	-36.900501
7.989042479999929	-36.102001
8.009042479999929	-33.871498
8.029042479999928	-33.5765
8.049042479999928	-33.235001
8.069042479999927	-33.122498
8.089042479999927	-33.056499
8.109042479999927	-33.09325
8.129042479999926	-33.331501
8.149042479999926	-33.580502
8.169042479999925	-33.942249
8.189042479999925	-34.258499
8.209042479999924	-34.5835
8.229042479999924	-34.661999
8.249042479999924	-34.786751
8.269042479999923	-34.769001
8.289042479999923	-34.7915
8.309042479999922	-34.706749
8.329042479999922	-34.994251
8.349042479999921	-35.200001
8.369042479999921	-35.682251
8.38904247999992	-36.30825
8.40904247999992	-36.896252
8.42904247999992	-37.598999
8.44904247999992	-38.221001
8.469042479999919	-38.570499
8.489042479999918	-38.804001
8.509042479999918	-38.688
8.529042479999918	-38.361252
8.549042479999917	-37.94875
8.569042479999917	-37.5275
8.589042479999916	-36.976501
8.609042479999916	-36.602001
8.629042479999915	-36.259251
8.649042479999915	-36.049751
8.669042479999915	-35.986
8.689042479999914	-35.7995
8.709042479999914	-35.845501
8.729042479999913	-35.798
8.749042479999913	-35.752251
8.769042479999912	-35.4785
8.789042479999912	-35.001999
8.809042479999912	-34.451
8.829042479999911	-33.709499
8.84904247999991	-32.9575
8.86904247999991	-32.40675
8.88904247999991	-31.87175
8.90904247999991	-31.3505
8.929042479999909	-31.1425
8.949042479999909	-30.8395
8.969042479999908	-30.90575
8.989042479999908	-31.1245
9.009042479999907	-32.086502
9.029042479999907	-32.389751
9.049042479999907	-32.732002
9.069042479999906	-33.19775
9.089042479999906	-33.458248
9.109042479999905	-33.743248
9.129042479999905	-33.95575
9.149042479999904	-34.087753
9.169042479999904	-34.01825
9.189042479999904	-34.53875
9.209042479999903	-34.999252
9.229042479999903	-35.67025
9.249042479999902	-36.166748
9.269042479999902	-36.679249
9.289042479999901	-37.07975
9.309042479999901	-37.464752
9.3290424799999	-37.372002
9.3490424799999	-37.91375
9.3690424799999	-37.756248
9.3890424799999	-37.937752
9.409042479999899	-38.29475
9.429042479999898	-38.235252
9.449042479999898	-38.523998
9.469042479999898	-38.1455
9.489042479999897	-38.363251
9.509042479999897	-37.860252
9.529042479999896	-38.101501
9.549042479999896	-37.48875
9.569042479999895	-37.1245
9.589042479999895	-36.480999
9.609042479999895	-36.035751
9.629042479999894	-35.647499
9.649042479999894	-35.517998
9.669042479999893	-35.398251
9.689042479999893	-35.407249
9.709042479999892	-35.373249
9.729042479999892	-35.549248
9.749042479999892	-35.283749
9.769042479999891	-34.963249
9.78904247999989	-34.632999
9.80904247999989	-34.3885
9.82904247999989	-34.014
9.84904247999989	-33.61375
9.869042479999889	-33.31625
9.889042479999889	-33.022999
9.909042479999888	-32.760498
9.929042479999888	-32.834499
9.949042479999887	-32.6455
9.969042479999887	-32.763
9.989042479999886	-32.77375
10.00904247999989	-33.37775
10.02904247999989	-33.385502
10.04904247999989	-33.69075
10.06904247999988	-33.173752
10.08904247999988	-33.73875
10.10904247999988	-33.603001
10.12904247999988	-34.022499
10.14904247999988	-34.632248
10.16904247999988	-35.116249
10.18904247999988	-35.583
10.20904247999988	-36.271751
10.22904247999988	-36.882
10.24904247999988	-37.6035
10.26904247999988	-37.970001
10.28904247999988	-38.063999
10.30904247999988	-38.46825
10.32904247999988	-38.268501
10.34904247999988	-38.83675
10.36904247999988	-39.154499
10.38904247999988	-39.788498
10.40904247999988	-40.058502
10.42904247999988	-40.08625
10.44904247999988	-40.2855
10.46904247999988	-39.824749
10.48904247999988	-39.457748
10.50904247999988	-39.334251
10.52904247999987	-39.652748
10.54904247999987	-39.275501
10.56904247999987	-38.293751
10.58904247999987	-38.35125
10.60904247999987	-37.593498
10.62904247999987	-37.405502
10.64904247999987	-37.168499
10.66904247999987	-36.8465
10.68904247999987	-36.493
10.70904247999987	-36.831497
10.72904247999987	-36.05175
10.74904247999987	-35.831501
10.76904247999987	-35.631748
10.78904247999987	-35.669498
10.80904247999987	-35.385002
10.82904247999987	-35.495003
10.84904247999987	-35.312752
10.86904247999987	-35.547001
10.88904247999987	-36.046001
10.90904247999987	-36.22625
10.92904247999987	-36.253998
10.94904247999987	-35.852753
10.96904247999987	-36.0895
10.98904247999987	-35.719002
11.00904247999986	-36.775002
11.02904247999986	-36.892498
11.04904247999986	-37.1185
11.06904247999986	-37.185501
11.08904247999986	-37.260002
11.10904247999986	-37.297501
11.12904247999986	-37.2925
11.14904247999986	-37.363998
11.16904247999986	-36.735252
11.18904247999986	-36.569752
11.20904247999986	-36.077
11.22904247999986	-35.689251
11.24904247999986	-35.513
11.26904247999986	-35.216999
11.28904247999986	-35.360001
11.30904247999986	-34.930252
11.32904247999986	-35.218498
11.34904247999986	-35.242748
11.36904247999986	-35.320251
11.38904247999986	-35.73925
11.40904247999986	-35.458252
11.42904247999986	-35.720501
11.44904247999986	-36.035751
11.46904247999985	-36.752998
11.48904247999985	-36.489998
11.50904247999985	-37.181751
11.52904247999985	-37.239502
11.54904247999985	-37.479248
11.56904247999985	-37.384499
11.58904247999985	-37.156998
11.60904247999985	-36.613499
11.62904247999985	-35.884251
11.64904247999985	-35.417252
11.66904247999985	-34.686249
11.68904247999985	-34.120251
11.70904247999985	-33.665001
11.72904247999985	-33.123001
11.74904247999985	-32.939251
11.76904247999985	-32.806499
11.78904247999985	-32.618252
11.80904247999985	-33.086502
11.82904247999985	-33.604
11.84904247999985	-34.034752
11.86904247999985	-34.389
11.88904247999985	-34.883251
11.90904247999985	-35.432999
11.92904247999985	-35.998749
11.94904247999984	-36.265999
11.96904247999984	-36.182251
11.98904247999984	-36.092751
12.00904247999984	-35.61425
12.02904247999984	-35.222748
12.04904247999984	-34.874748
12.06904247999984	-34.391998
12.08904247999984	-33.904747
12.10904247999984	-33.609249
12.12904247999984	-33.311001
12.14904247999984	-33.078751
12.16904247999984	-32.966248
12.18904247999984	-32.863998
12.20904247999984	-32.835251
12.22904247999984	-32.755001
12.24904247999984	-32.63525
12.26904247999984	-32.59375
12.28904247999984	-32.50325
12.30904247999984	-32.50275
12.32904247999984	-32.70425
12.34904247999984	-32.7285
12.36904247999984	-32.948502
12.38904247999984	-33.428501
12.40904247999983	-33.708
12.42904247999983	-34.08075
12.44904247999983	-34.506001
12.46904247999983	-34.667252
12.48904247999983	-35.0215
12.50904247999983	-35.058502
12.52904247999983	-35.206749
12.54904247999983	-35.332001
12.56904247999983	-35.2635
12.58904247999983	-35.420502
12.60904247999983	-35.286251
12.62904247999983	-35.422001
12.64904247999983	-35.268501
12.66904247999983	-35.432251
12.68904247999983	-35.39925
12.70904247999983	-35.525249
12.72904247999983	-35.600498
12.74904247999983	-35.670998
12.76904247999983	-35.600998
12.78904247999983	-35.538498
12.80904247999983	-35.373749
12.82904247999983	-35.108501
12.84904247999983	-35.130001
12.86904247999983	-34.877251
12.88904247999982	-34.896
12.90904247999982	-34.87775
12.92904247999982	-34.868
12.94904247999982	-34.855999
12.96904247999982	-34.73175
12.98904247999982	-34.569
13.00904247999982	-34.2715
13.02904247999982	-33.9025
13.04904247999982	-33.762501
13.06904247999982	-33.669998
13.08904247999982	-33.9865
13.10904247999982	-34.042999
13.12904247999982	-34.554749
13.14904247999982	-35.034
13.16904247999982	-35.367001
13.18904247999982	-35.833252
13.20904247999982	-36.455498
13.22904247999982	-36.874252
13.24904247999982	-37.193501
13.26904247999982	-37.202999
13.28904247999982	-36.96125
13.30904247999982	-36.764248
13.32904247999982	-36.431999
13.34904247999981	-35.986748
13.36904247999981	-35.345001
13.38904247999981	-34.914749
13.40904247999981	-34.762749
13.42904247999981	-34.63525
13.44904247999981	-34.434502
13.46904247999981	-34.367752
13.48904247999981	-34.324501
13.50904247999981	-34.672501
13.52904247999981	-34.546749
13.54904247999981	-34.473251
13.56904247999981	-34.488251
13.58904247999981	-34.233498
13.60904247999981	-34.277252
13.62904247999981	-34.293251
13.64904247999981	-34.275501
13.66904247999981	-34.23975
13.68904247999981	-34.223751
13.70904247999981	-34.419502
13.72904247999981	-34.51675
13.74904247999981	-34.793751
13.76904247999981	-34.808502
13.78904247999981	-35.0145
13.80904247999981	-35.054249
13.8290424799998	-35.376251
13.8490424799998	-35.528252
13.8690424799998	-35.74575
13.8890424799998	-35.88525
13.9090424799998	-36.116501
13.9290424799998	-36.01075
13.9490424799998	-35.68
13.9690424799998	-35.449501
13.9890424799998	-35.267502
14.0090424799998	-35.278999
14.0290424799998	-35.028252
14.0490424799998	-34.857498
14.0690424799998	-34.603752
14.0890424799998	-34.468498
14.1090424799998	-34.5275
14.1290424799998	-34.478001
14.1490424799998	-34.311501
14.1690424799998	-34.370251
14.1890424799998	-34.47625
14.2090424799998	-34.48925
14.2290424799998	-34.667999
14.2490424799998	-34.7285
14.2690424799998	-34.786499
14.28904247999979	-34.924252
14.30904247999979	-34.87125
14.32904247999979	-35.021751
14.34904247999979	-35.138748
14.36904247999979	-35.238251
14.38904247999979	-35.231998
14.40904247999979	-35.242748
14.42904247999979	-35.186001
14.44904247999979	-35.2155
14.46904247999979	-35.232498
14.48904247999979	-35.181499
14.50904247999979	-35.133751
14.52904247999979	-35.116749
14.54904247999979	-35.01675
14.56904247999979	-35.0215
14.58904247999979	-35.064751
14.60904247999979	-35.074753
14.62904247999979	-34.961998
14.64904247999979	-35.10125
14.66904247999979	-35.03125
14.68904247999979	-35.154499
14.70904247999979	-35.118999
14.72904247999979	-35.095501
14.74904247999979	-35.074749
14.76904247999978	-34.952999
14.78904247999978	-34.936752
14.80904247999978	-34.870998
14.82904247999978	-34.923248
14.84904247999978	-35.014252
14.86904247999978	-35.1105
14.88904247999978	-35.317001
14.90904247999978	-35.272499
14.92904247999978	-35.318501
14.94904247999978	-35.34
14.96904247999978	-35.2355
14.98904247999978	-35.223251
15.00904247999978	-35.386501
15.02904247999978	-35.415253
15.04904247999978	-35.479752
15.06904247999978	-35.52475
15.08904247999978	-35.5415
15.10904247999978	-35.80875
15.12904247999978	-35.639751
15.14904247999978	-36.048
15.16904247999978	-36.1245
15.18904247999978	-35.832249
15.20904247999978	-35.855751
15.22904247999977	-36.151749
15.24904247999977	-35.887749
15.26904247999977	-36.204002
15.28904247999977	-36.220249
15.30904247999977	-36.084251
15.32904247999977	-35.917252
15.34904247999977	-35.796749
15.36904247999977	-35.884003
15.38904247999977	-35.728249
15.40904247999977	-35.661251
15.42904247999977	-35.526501
15.44904247999977	-35.546001
15.46904247999977	-35.445251
15.48904247999977	-35.257248
15.50904247999977	-35.327251
15.52904247999977	-35.720749
15.54904247999977	-35.564251
15.56904247999977	-35.910248
15.58904247999977	-36.18475
15.60904247999977	-36.43475
15.62904247999977	-36.46125
15.64904247999977	-36.799
15.66904247999977	-37.116749
15.68904247999976	-37.061501
15.70904247999976	-37.293999
15.72904247999976	-37.622749
15.74904247999976	-37.7705
15.76904247999976	-37.8755
15.78904247999976	-37.835999
15.80904247999976	-37.658249
15.82904247999976	-37.28175
15.84904247999976	-36.986
15.86904247999976	-36.513252
15.88904247999976	-36.167999
15.90904247999976	-35.616249
15.92904247999976	-35.367752
15.94904247999976	-34.96175
15.96904247999976	-35.07975
15.98904247999976	-35.022751
17.00904247999974	-36.2495
17.02904247999974	-36.113251
17.04904247999974	-35.859501
17.06904247999974	-35.622749
17.08904247999974	-35.44025
17.10904247999974	-35.251999
17.12904247999974	-35.172001
17.14904247999974	-35.194248
17.16904247999974	-35.158752
17.18904247999973	-35.298248
17.20904247999973	-35.561501
17.22904247999973	-35.927498
17.24904247999973	-36.29525
17.26904247999973	-36.673748
17.28904247999973	-37.053001
17.30904247999973	-37.39325
17.32904247999973	-37.846001
17.34904247999973	-38.335999
17.36904247999973	-38.76725
17.38904247999973	-39.218002
17.40904247999973	-39.449249
17.42904247999973	-39.611748
17.44904247999973	-39.640499
17.46904247999973	-39.595001
17.48904247999973	-39.487
17.50904247999973	-39.1525
17.52904247999973	-38.906502
17.54904247999973	-38.518749
17.56904247999973	-38.122501
17.58904247999973	-37.827499
17.60904247999973	-37.554501
17.62904247999973	-37.27
17.64904247999972	-36.9855
17.66904247999972	-36.721748
17.68904247999972	-36.44025
17.70904247999972	-36.295002
17.72904247999972	-36.145
17.74904247999972	-35.88475
17.76904247999972	-35.815002
17.78904247999972	-35.792
17.80904247999972	-35.77425
17.82904247999972	-35.813
17.84904247999972	-35.882
17.86904247999972	-36.000999
17.88904247999972	-35.991501
17.90904247999972	-35.96875
17.92904247999972	-35.903
17.94904247999972	-35.814251
17.96904247999972	-35.639
17.98904247999972	-35.507
18.00904247999972	-35.185753
18.02904247999972	-35.0765
18.04904247999972	-34.703999
18.06904247999972	-34.508499
18.08904247999972	-34.248249
18.10904247999972	-34.07325
18.12904247999971	-33.960251
18.14904247999971	-33.831497
18.16904247999971	-33.888748
18.18904247999971	-34.116501
18.20904247999971	-34.345749
18.22904247999971	-34.775497
18.24904247999971	-35.2365
18.26904247999971	-35.792751
18.28904247999971	-36.310749
18.30904247999971	-36.799248
18.32904247999971	-37.277
18.34904247999971	-37.694252
18.36904247999971	-38.034248
18.38904247999971	-38.442749
18.40904247999971	-38.750748
18.42904247999971	-39.043751
18.44904247999971	-39.247002
18.46904247999971	-39.446751
18.48904247999971	-39.581001
18.50904247999971	-39.632252
18.52904247999971	-39.674252
18.54904247999971	-39.625748
18.56904247999971	-39.693501
18.5890424799997	-39.631248
18.6090424799997	-39.60675
18.6290424799997	-39.562
18.6490424799997	-39.393002
18.6690424799997	-39.296249
18.6890424799997	-39.066002
18.7090424799997	-38.58725
18.7290424799997	-38.119999
18.7490424799997	-37.892998
18.7690424799997	-37.632248
18.7890424799997	-37.3745
18.8090424799997	-37.133499
18.8290424799997	-36.922249
18.8490424799997	-36.697998
18.8690424799997	-36.488251
18.8890424799997	-36.303001
18.9090424799997	-36.139748
18.9290424799997	-35.921997
18.9490424799997	-35.550499
18.9690424799997	-35.158501
18.9890424799997	-35.054249
19.0090424799997	-35.203999
19.0290424799997	-35.083252
19.0490424799997	-35.03175
19.06904247999969	-34.818001
19.08904247999969	-34.692249
19.10904247999969	-34.469749
19.12904247999969	-34.321751
19.14904247999969	-34.215748
19.16904247999969	-33.919502
19.18904247999969	-33.7565
19.20904247999969	-33.723251
19.22904247999969	-33.632
19.24904247999969	-33.48275
19.26904247999969	-33.671249
19.28904247999969	-33.630997
19.30904247999969	-33.723251
19.32904247999969	-33.81625
19.34904247999969	-33.849251
19.36904247999969	-33.86475
19.38904247999969	-33.952
19.40904247999969	-34.081749
19.42904247999969	-34.131748
19.44904247999969	-34.483002
19.46904247999969	-34.585499
19.48904247999969	-34.07275
19.50904247999969	-36.320999
19.52904247999968	-36.721249
19.54904247999968	-36.965752
19.56904247999968	-37.081001
19.58904247999968	-37.113251
19.60904247999968	-37.0495
19.62904247999968	-37.148003
19.64904247999968	-37.022999
19.66904247999968	-36.892502
19.68904247999968	-36.567249
19.70904247999968	-30.38625
19.72904247999968	-34.780251
19.74904247999968	-34.870251
19.76904247999968	-35.167
19.78904247999968	-35.415749
19.80904247999968	-35.638248
19.82904247999968	-35.895
19.84904247999968	-36.096748
19.86904247999968	-36.21875
19.88904247999968	-36.344501
19.90904247999968	-36.219749
19.92904247999968	-36.26775
19.94904247999968	-36.317749
19.96904247999968	-36.383751
19.98904247999968	-36.32975
20.00904247999967	-36.697998
20.02904247999967	-36.720001
20.04904247999967	-36.716251
20.06904247999967	-36.724503
20.08904247999967	-36.761002
20.10904247999967	-36.710251
20.12904247999967	-36.67775
20.14904247999967	-36.713501
20.16904247999967	-36.424999
20.18904247999967	-36.379501
20.20904247999967	-36.17675
20.22904247999967	-35.950249
20.24904247999967	-35.744999
20.26904247999967	-35.646999
20.28904247999967	-35.491501
20.30904247999967	-35.478001
20.32904247999967	-35.555
20.34904247999967	-35.525501
20.36904247999967	-35.699749
20.38904247999967	-35.771
20.40904247999967	-35.825001
20.42904247999967	-35.861252
20.44904247999967	-35.828751
20.46904247999966	-35.799252
20.48904247999966	-35.7225
20.50904247999966	-35.665253
20.52904247999966	-35.542747
20.54904247999966	-35.536499
20.56904247999966	-35.43
20.58904247999966	-35.345749
20.60904247999966	-35.214748
20.62904247999966	-35.195999
20.64904247999966	-35.103001
20.66904247999966	-34.910999
20.68904247999966	-34.7925
20.70904247999966	-34.692501
20.72904247999966	-34.52425
20.74904247999966	-34.431747
20.76904247999966	-34.456249
20.78904247999966	-34.428001
20.80904247999966	-34.564999
20.82904247999966	-34.73975
20.84904247999966	-34.9585
20.86904247999966	-35.317001
20.88904247999966	-35.701
20.90904247999966	-35.885498
20.92904247999966	-36.13525
20.94904247999965	-36.112251
20.96904247999965	-36.101501
20.98904247999965	-35.920502
21.00904247999965	-36.210251
21.02904247999965	-36.161247
21.04904247999965	-36.110001
21.06904247999965	-36.062248
21.08904247999965	-35.992001
21.10904247999965	-35.970749
21.12904247999965	-35.800499
21.14904247999965	-35.810749
21.16904247999965	-35.739998
21.18904247999965	-35.700001
21.20904247999965	-35.504749
21.22904247999965	-35.301498
21.24904247999965	-35.1945
21.26904247999965	-35.032997
21.28904247999965	-34.962749
21.30904247999965	-34.812
21.32904247999965	-34.723747
21.34904247999965	-34.851749
21.36904247999965	-34.840752
21.38904247999965	-34.813499
21.40904247999964	-34.87125
21.42904247999964	-34.797749
21.44904247999964	-34.823997
21.46904247999964	-34.8405
21.48904247999964	-34.71925
21.50904247999964	-34.533001
21.52904247999964	-34.530502
21.54904247999964	-34.367249
21.56904247999964	-34.342999
21.58904247999964	-34.217251
21.60904247999964	-34.0205
21.62904247999964	-33.817249
21.64904247999964	-33.566498
21.66904247999964	-33.292751
21.68904247999964	-33.041748
21.70904247999964	-32.717499
21.72904247999964	-32.597748
21.74904247999964	-32.42675
21.76904247999964	-32.098499
21.78904247999964	-32.143753
21.80904247999964	-31.946249
21.82904247999964	-32.005501
21.84904247999964	-32.11525
21.86904247999964	-32.069748
21.88904247999963	-32.197998
21.90904247999963	-32.288002
21.92904247999963	-32.546749
21.94904247999963	-32.738499
21.96904247999963	-33.019501
21.98904247999963	-33.208252
22.00904247999963	-33.656998
22.02904247999963	-33.821999
22.04904247999963	-34.094498
22.06904247999963	-34.248001
22.08904247999963	-34.071251
22.10904247999963	-34.510498
22.12904247999963	-34.363998
22.14904247999963	-34.550751
22.16904247999963	-34.759251
22.18904247999963	-34.822002
22.20904247999963	-35.2085
22.22904247999963	-35.5145
22.24904247999963	-35.43375
22.26904247999963	-35.71125
22.28904247999963	-35.65675
22.30904247999963	-35.963753
22.32904247999963	-36.011749
22.34904247999962	-36.213749
22.36904247999962	-36.237999
22.38904247999962	-36.164249
22.40904247999962	-36.172001
22.42904247999962	-36.21225
22.44904247999962	-36.191002
22.46904247999962	-36.283249
22.48904247999962	-36.292252
22.50904247999962	-36.23275
22.52904247999962	-36.353748
22.54904247999962	-36.532501
22.56904247999962	-36.506248
22.58904247999962	-36.50325
22.60904247999962	-36.608498
22.62904247999962	-36.422749
22.64904247999962	-36.2985
22.66904247999962	-35.941498
22.68904247999962	-35.680248
22.70904247999962	-35.512501
22.72904247999962	-35.291748
22.74904247999962	-35.105251
22.76904247999962	-34.851749
22.78904247999962	-34.762001
22.80904247999961	-34.490501
22.82904247999961	-34.391499
22.84904247999961	-34.215248
22.86904247999961	-34.257
22.88904247999961	-34.22575
22.90904247999961	-34.159248
22.92904247999961	-34.293251
22.94904247999961	-34.07375
22.96904247999961	-33.984749
22.98904247999961	-34.464752
23.00904247999961	-35.078251
23.02904247999961	-35.104
23.04904247999961	-35.389
23.06904247999961	-35.535751
23.08904247999961	-35.628502
23.10904247999961	-35.83075
23.12904247999961	-35.952248
23.14904247999961	-36.179501
23.16904247999961	-36.36375
23.18904247999961	-36.733749
23.20904247999961	-36.886002
23.22904247999961	-37.097
23.24904247999961	-37.257248
23.26904247999961	-37.426003
23.2890424799996	-37.413498
23.3090424799996	-37.466751
23.3290424799996	-37.695999
23.3490424799996	-37.431751
23.3690424799996	-37.548
23.3890424799996	-37.258251
23.4090424799996	-37.085999
23.4290424799996	-37.008499
23.4490424799996	-36.832249
23.4690424799996	-36.51825
23.4890424799996	-36.387501
23.5090424799996	-36.368752
23.5290424799996	-36.179749
23.5490424799996	-35.919498
23.5690424799996	-35.719002
23.5890424799996	-35.629501
23.6090424799996	-35.62825
23.6290424799996	-35.473999
23.6490424799996	-35.607498
23.6690424799996	-35.57
23.6890424799996	-35.60675
23.7090424799996	-35.773251
23.7290424799996	-36.190002
23.74904247999959	-36.416248
23.76904247999959	-36.686249
23.78904247999959	-36.681252
23.80904247999959	-36.875
23.82904247999959	-36.9715
23.84904247999959	-36.952751
23.86904247999959	-36.821251
23.88904247999959	-36.792252
23.90904247999959	-36.673752
23.92904247999959	-36.494499
23.94904247999959	-36.230499
23.96904247999959	-36.037251
23.98904247999959	-35.87075
24.00904247999959	-35.682751
24.02904247999959	-35.716499
24.04904247999959	-35.595501
24.06904247999959	-35.591751
24.08904247999959	-35.593498
24.10904247999959	-35.532749
24.12904247999959	-35.598499
24.14904247999959	-35.4235
24.16904247999959	-35.324749
24.18904247999959	-35.21925
24.20904247999959	-34.72575
24.22904247999958	-34.896
24.24904247999958	-34.816502
24.26904247999958	-34.820999
24.28904247999958	-34.787498
24.30904247999958	-34.759251
24.32904247999958	-34.724499
24.34904247999958	-34.73875
24.36904247999958	-34.6735
24.38904247999958	-34.776749
24.40904247999958	-34.763
24.42904247999958	-34.98275
24.44904247999958	-35.01025
24.46904247999958	-35.2225
24.48904247999958	-35.521999
24.50904247999958	-35.859501
24.52904247999958	-36.057251
24.54904247999958	-36.380249
24.56904247999958	-36.606499
24.58904247999958	-36.832001
24.60904247999958	-36.87225
24.62904247999958	-36.813999
24.64904247999958	-36.9105
24.66904247999958	-36.726501
24.68904247999957	-36.591751
24.70904247999957	-36.491753
24.72904247999957	-36.328999
24.74904247999957	-36.251999
24.76904247999957	-36.056252
24.78904247999957	-35.904999
24.80904247999957	-35.88575
24.82904247999957	-35.813999
24.84904247999957	-35.7495
24.86904247999957	-35.657753
24.88904247999957	-35.376251
24.90904247999957	-35.347748
24.92904247999957	-35.097752
24.94904247999957	-34.692749
24.96904247999957	-34.543999
24.98904247999957	-34.210999
25.00904247999957	-33.78875
25.02904247999957	-33.465752
25.04904247999957	-33.087502
25.06904247999957	-32.807499
25.08904247999957	-32.51775
25.10904247999957	-32.3195
25.12904247999957	-32.342247
25.14904247999957	-32.338749
25.16904247999956	-32.519501
25.18904247999956	-32.86375
25.20904247999956	-33.062248
25.22904247999956	-33.515251
25.24904247999956	-34.120003
25.26904247999956	-34.4655
25.28904247999956	-34.837749
25.30904247999956	-35.20575
25.32904247999956	-35.608002
25.34904247999956	-35.82375
25.36904247999956	-36.024498
25.38904247999956	-36.202251
25.40904247999956	-36.2855
25.42904247999956	-36.458252
25.44904247999956	-36.40625
25.46904247999956	-36.3475
25.48904247999956	-36.358002
25.50904247999956	-36.306499
25.52904247999956	-36.035751
25.54904247999956	-35.944752
25.56904247999956	-35.6745
25.58904247999956	-35.301498
25.60904247999956	-35.4795
25.62904247999955	-35.294502
25.64904247999955	-35.076752
25.66904247999955	-34.871002
25.68904247999955	-34.7005
25.70904247999955	-34.57325
25.72904247999955	-34.35125
25.74904247999955	-34.265251
25.76904247999955	-34.187
25.78904247999955	-34.21175
25.80904247999955	-34.224251
25.82904247999955	-34.543251
25.84904247999955	-34.728001
25.86904247999955	-35.216751
25.88904247999955	-35.435501
25.90904247999955	-35.852249
25.92904247999955	-36.346001
25.94904247999955	-36.644249
25.96904247999955	-36.908249
25.98904247999955	-37.257
26.00904247999955	-37.305
26.02904247999955	-37.771
26.04904247999955	-37.803749
26.06904247999955	-37.931
26.08904247999955	-37.8755
26.10904247999954	-37.795502
26.12904247999954	-37.549
26.14904247999954	-37.54575
26.16904247999954	-37.445
26.18904247999954	-37.463501
26.20904247999954	-37.580002
26.22904247999954	-37.502251
26.24904247999954	-37.616501
26.26904247999954	-37.879997
26.28904247999954	-37.8465
26.30904247999954	-38.007999
26.32904247999954	-38.116501
26.34904247999954	-38.178749
26.36904247999954	-38.195999
26.38904247999954	-38.19825
26.40904247999954	-38.062248
26.42904247999954	-37.87775
26.44904247999954	-37.723747
26.46904247999954	-37.584999
26.48904247999954	-37.374252
26.50904247999954	-37.044498
26.52904247999954	-36.827499
26.54904247999954	-36.361252
26.56904247999953	-36.166
26.58904247999953	-35.875252
26.60904247999953	-35.740997
26.62904247999953	-35.534752
26.64904247999953	-35.164001
26.66904247999953	-35.077248
26.68904247999953	-34.820499
26.70904247999953	-34.641251
26.72904247999953	-34.563499
26.74904247999953	-34.572502
26.76904247999953	-34.442501
26.78904247999953	-34.380249
26.80904247999953	-34.292999
26.82904247999953	-34.171501
26.84904247999953	-34.194748
26.86904247999953	-34.089752
26.88904247999953	-34.120003
26.90904247999953	-34.151501
26.92904247999953	-34.042252
26.94904247999953	-34.139748
26.96904247999953	-34.030499
26.98904247999953	-33.938751
27.00904247999953	-33.932999
27.02904247999953	-33.540501
27.04904247999952	-33.544998
27.06904247999952	-33.277252
27.08904247999952	-33.046001
27.10904247999952	-33.005749
27.12904247999952	-32.873001
27.14904247999952	-32.743
27.16904247999952	-32.595249
27.18904247999952	-32.69725
27.20904247999952	-32.5005
27.22904247999952	-32.480251
27.24904247999952	-32.042999
27.26904247999952	-32.056999
27.28904247999952	-31.95425
27.30904247999952	-31.911251
27.32904247999952	-31.9
27.34904247999952	-32.081001
27.36904247999952	-32.434502
27.38904247999952	-32.64225
27.40904247999952	-32.929749
27.42904247999952	-33.35125
27.44904247999952	-33.521
27.46904247999952	-34.118752
27.48904247999952	-34.281998
27.50904247999951	-34.7365
27.52904247999951	-35.034248
27.54904247999951	-35.253998
27.56904247999951	-35.331749
27.58904247999951	-35.514252
27.60904247999951	-35.664749
27.62904247999951	-35.729
27.64904247999951	-35.94875
27.66904247999951	-36.01775
27.68904247999951	-36.105
27.70904247999951	-35.988499
27.72904247999951	-36.268002
27.74904247999951	-36.368
27.76904247999951	-36.53875
27.78904247999951	-37.00375
27.80904247999951	-36.970001
27.82904247999951	-37.1175
27.84904247999951	-37.709251
27.86904247999951	-37.903751
27.88904247999951	-38.060249
27.90904247999951	-38.061752
27.92904247999951	-38.080002
27.94904247999951	-38.085251
27.9690424799995	-38.01125
27.9890424799995	-37.587502
28.0090424799995	-37.389
28.0290424799995	-37.495998
28.0490424799995	-37.721001
28.0690424799995	-37.512001
28.0890424799995	-37.6605
28.1090424799995	-37.535999
28.1290424799995	-37.80175
28.1490424799995	-38.1875
28.1690424799995	-38.040749
28.1890424799995	-38.265999
28.2090424799995	-37.573502
28.2290424799995	-37.599751
28.2490424799995	-37.586002
28.2690424799995	-37.459999
28.2890424799995	-36.86425
28.3090424799995	-36.618252
28.3290424799995	-36.35125
28.3490424799995	-36.040249
28.3690424799995	-35.806747
28.3890424799995	-35.226749
28.4090424799995	-35.513748
28.4290424799995	-35.00375
28.44904247999949	-34.887749
28.46904247999949	-34.874748
28.48904247999949	-34.681499
28.50904247999949	-34.475502
28.52904247999949	-34.1385
28.54904247999949	-33.990501
28.56904247999949	-33.591999
28.589042479999492	-33.281502
28.60904247999949	-33.025002
28.62904247999949	-32.823997
28.64904247999949	-32.63625
28.66904247999949	-32.581001
28.68904247999949	-32.263252
28.70904247999949	-32.432499
28.72904247999949	-32.494751
28.74904247999949	-32.615501
28.76904247999949	-32.665501
28.78904247999949	-32.77425
28.80904247999949	-32.82275
28.82904247999949	-32.888
28.84904247999949	-33.006248
28.86904247999949	-33.209751
28.88904247999949	-33.433998
28.90904247999948	-33.623249
28.92904247999948	-33.818001
28.94904247999948	-33.981003
28.96904247999948	-34.173752
28.98904247999948	-34.054253
29.00904247999948	-35.686501
29.02904247999948	-35.938499
29.04904247999948	-36.133999
29.06904247999948	-36.498749
29.08904247999948	-36.63575
29.10904247999948	-36.762749
29.12904247999948	-36.859001
29.14904247999948	-36.877499
29.16904247999948	-36.825001
29.18904247999948	-36.74625
29.20904247999948	-36.581749
29.22904247999948	-36.30975
29.24904247999948	-36.006248
29.26904247999948	-35.780502
29.28904247999948	-35.503998
29.30904247999948	-35.106499
29.32904247999948	-34.796249
29.34904247999948	-34.534752
29.36904247999948	-34.17775
29.38904247999947	-34.014751
29.40904247999947	-33.839249
29.42904247999947	-33.776249
29.44904247999947	-33.781502
29.46904247999947	-33.811501
29.48904247999947	-33.969002
29.50904247999947	-34.07975
29.52904247999947	-34.278999
29.54904247999947	-34.381748
29.56904247999947	-34.639252
29.58904247999947	-34.85775
29.60904247999947	-35.10775
29.62904247999947	-35.341
29.64904247999947	-35.63525
29.66904247999947	-35.945251
29.68904247999947	-36.337502
29.70904247999947	-36.682499
29.72904247999947	-37.007751
29.74904247999947	-37.409
29.76904247999947	-37.640999
29.78904247999947	-37.85825
29.80904247999947	-38.042747
29.82904247999947	-38.162498
29.84904247999946	-38.3055
29.86904247999946	-38.423752
29.88904247999946	-38.316498
29.90904247999946	-38.285751
29.92904247999946	-38.160751
29.94904247999946	-37.78875
29.96904247999946	-37.687
29.98904247999946	-37.435753
30.00904247999946	-36.662251
30.02904247999946	-36.5765
30.04904247999946	-36.1745
30.06904247999946	-35.960999
30.08904247999946	-35.78875
30.10904247999946	-35.66975
30.12904247999946	-35.507751
30.14904247999946	-35.362751
30.16904247999946	-35.164001
30.18904247999946	-35.098999
30.20904247999946	-35.082253
30.22904247999946	-34.946751
30.24904247999946	-35.081001
30.26904247999946	-35.112999
30.28904247999946	-35.07275
30.30904247999946	-35.057999
30.32904247999945	-35.32225
30.34904247999945	-35.363499
30.36904247999945	-35.37125
30.38904247999945	-35.30125
30.40904247999945	-35.166752
30.42904247999945	-35.12125
30.44904247999945	-35.168999
30.46904247999945	-35.154999
30.48904247999945	-34.859501
30.50904247999945	-34.888252
30.52904247999945	-35.165501
30.54904247999945	-35.132751
30.56904247999945	-35.293499
30.58904247999945	-35.181499
30.60904247999945	-35.4575
30.62904247999945	-35.591251
30.64904247999945	-35.668499
30.66904247999945	-35.6525
30.68904247999945	-35.73
30.70904247999945	-35.681747
30.72904247999945	-35.452499
30.74904247999945	-35.357002
30.76904247999945	-35.303249
30.78904247999944	-35.247002
30.80904247999944	-34.812
30.82904247999944	-34.941002
30.84904247999944	-34.680252
30.86904247999944	-34.706001
30.88904247999944	-34.74625
30.90904247999944	-34.59425
30.92904247999944	-34.70575
30.94904247999944	-34.290501
30.96904247999944	-34.605247
